1391751238216265730
1391749347340029956
1391748753397362696
1391747933364707330
1391746551651897344
1391745825169100810
1391744835913146370
1391738786334314501
1391744324858269703
1391744225696432136
1391744145191063556
1391743218279124993
1391743016453484555
1391742856734334982
1391741625655775238
1391741292758110208
1391740836329803779
1391740700585349125
1391740392266113028
1391740069623459840
1391740019380006916
1391739630157025283
1391739069353316353
1391620418520457217
1391736613177339906
1391708352258904068
1391681146191192064
1391735572729716739
1391735128146288643
1391734813577654274
1391734770342764549
1391734385196535808
1391734262450343939
1391490114904367111
1391733756944424965
1391733635582210050
1391732739154587652
1391725877982007299
1391731812213350401
1391731437829767171
1391730122915463169
1391729854597509130
1391729812394360832
1391707123730501639
1391729489130971137
1391727921233080326
1391727823832993794
1391727712042110979
1391726289829117952
1391725612704964612
1391723739323277313
1391721927622938630
1391721850791731204
1391720880296845318
1391720734611976192
1391719333517266954
1391718227064012807
1391714794122747905
1391714252004675587
1391713452062826500
1391713447100882944
1391713116887687168
1391712702830194688
1391712255310536706
1391711450331324421
1391707624958304256
1391705906719641600
1391701203319459844
1391700950126051335
1391700881666678784
1391700834803724288
1391697655919689732
1391700443529625601
1391697325123330048
1391697022827253765
1391696687077416961
1391684130568556547
1391683602958757888
1391672029217124356
1391659126053298181
1391650761138966530
1391654095023480832
1391645822450872320
1391643977707819013
1391639176949469184
1391638754587185152
1391633335525560321
1391637085489094658
1391633593265385477
1391633235973742592
1391630430206664712
1391627585034018816
1391624495065149441
1391622758505885696
1391621794000474112
1391619876939255808
1391621464433041410
1391620261053665283
1391616519273058307
1391612880043315200
1391608296013017091
1391607063432867842
1391605363426791425
1391603407782354947
1391603092005785600
1391602573036097537
1391598197978505219
1391581623821426690
1391597437433823234
1391595908148629508
1391595479306231815
1391571899633778689
1391591298059079680
1391590589326635010
1391589553283248136
1391587258092883968
1391587913016778753
1391525300178145286
1391543716758921217
1391585114904203268
1391531943691423758
1391526321944211456
1391584910847119360
1391496408474263558
1391583285160075266
1391582656182247425
1391581798652465152
1391581574240608259
1391581312235020304
1391581291611574274
1391562217829519360
1391580670217138176
1391579893360742404
1391577043587026951
1391576416106463248
1391575833811226624
1391574842126880768
1391573936006221832
1391573838094286849
1391536632013152257
1391571895443763200
1391571636328058882
1391570279067959301
1391570066920067073
1391569910267006978
1391569401586110470
1391569177014538240
1391569101064220680
1391567440472158216
1391566709216133124
1391563590168109056
1391563243240534018
1391561678555340806
1391558488212529152
1391559350972555267
1391558933546999811
1391478050462777344
1391556657864450051
1391556427009839109
1391555932308574212
1391555806013820930
1391555540237443073
1391555347219980289
1391554704799375368
1391551768186789891
1391551559629217801
1391550777735344132
1391549921187217412
1391548468355870721
1391548434860158977
1391547950707392519
1391545415485599749
1391545155560386567
1391544496878403584
1391544114433470466
1391543561041100807
1391542434895642625
1391507521974767620
1391539755054161931
1391539354980474883
1391537911213039620
1391537885824815104
1391537611999748096
1391537419867115520
1391535099880030209
1391531206513205251
1391534163782668300
1391533988486041606
1391532119357276161
1391527223149072385
1391523331216744450
1391526422955626496
1391525184562241541
1391524686186434560
1391524666918019079
1391521578953822211
1391521459395309569
1391521444333502468
1391521396434653184
1391519828763160585
1391519712882970629
1391518427278450688
1391517703697883137
1391514034357346305
1391513409590636544
1391512035838545924
1391511806032629762
1391511782435528708
1391511262425534466
1391510044311658496
1391509610801115141
1391505876423299077
1391489002209890306
1391502595957592065
1391501668638855171
1391500272048951302
1391499988971130881
1391499938245316617
1391498796757028864
1391497879454294019
1391496746501644288
1391495565964283905
1391494947539496960
1391493761830559744
1391492860067844101
1391492500423053320
1391491965787807745
1391491717203910663
1391491359224201219
1391489303386083328
1391488047020134402
1391486992823771140
1391486917603205120
1391486811449475080
1391486383676526592
1391485452947886081
1391485409088184322
1391483541293314056
1391481825873174528
1391481262011863042
1391480968410718208
1391479997269876737
1391479871046512641
1391478783119544320
1391478709006241792
1391478508984098823
1391478107153051661
1391477600770428930
1391476359814336512
1391475654122688517
1391469960107540481
1391456638893273093
1391469268168953857
1391467480950923266
1391466237163712513
1391437427617771524
1391445701020864512
1391465889195864066
1391465308351827970
1391229529620992001
1391464951412400135
1391452118620512256
1391463773773438976
1391462826305273856
1391462425363374080
1391461906439942149
1391460811474878470
1391459410636156939
1391458984419336195
1391459170470088705
1391063669677514752
1391458727677550593
1391458476388401160
1391455976553910274
1391143817122775040
1391455132802457600
1391454853298368512
1391454508950056960
1391108902524112896
1391454457175547907
1391452578899271681
1391454296563142659
1391453613701074945
1391452329564676105
1391452264049651714
1391399850428846087
1391451887166234626
1391451556424335361
1391451345274785793
1391450061188575235
1391449481544183808
1391447735581224965
1391447601950511104
1391397026584088578
1391447390075310080
1391101543231803393
1391446568402833411
1391106891271401472
1391445581130727427
1391445532736958465
1391445146676473856
1391445090313416706
1391445075327127558
1391444796590469124
1391444273204244489
1391443902457016320
1391442483054186498
1391441715366699011
1391440997910028293
1391439723151908865
1391439126658965506
1391429834845327366
1391438261516701699
1391436422163288065
1391436112762183684
1391435417145204741
1391434416489107456
1391434033075216386
1391434028759269376
1391430778165239814
1391430328632418308
1391430072712712193
1391429593270083586
1391429507936968704
1391429385887133697
1391429170220212224
1391428962061017088
1391427134195908610
1391426148677074948
1391425807990489101
1391425724184137739
1391425244913623044
1391423868636631045
1391423423344267264
1391108306584973317
1391417566799802369
1391143947163127814
1391421682682900481
1391421613703319558
1391421274212163587
1391420738557579265
1391405425422110721
1391417548688830470
1391416075309486083
1391416039292997639
1391414601766551561
1391413226298953728
1391412497257803778
1391412127835987968
1391411187796086787
1391411622351151105
1391411332419784709
1391409312904458241
1391097453248610305
1391408596970131462
1391408081444159493
1391408008781996037
1391353728628928513
1391407394484334597
1391406498417348614
1391406352627609601
1391389617371316236
1391093711350624256
1391406290543415298
1391406105230721029
1391405063348752385
1391404389458317316
1391097376287322113
1391403315750227969
1391175370091634689
1391401608030920706
1391401557623721985
1391399894401830916
1391396462584635392
1391393334292275203
1391392401906937856
1391390821505716227
1391389366606471169
1391388863508094977
1391388424117043201
1391387766416621568
1391387719696257029
1391384696978907138
1391383403472228354
1391380448106975236
1391380650675036163
1391380092308361220
1391378803780423686
1391379210032320516
1391378980633288705
1391343993871601667
1391326781538512900
1391321070423080963
1391350718636838912
1391332473343258624
1391178030467399684
1391375812478136322
1391175685255872519
1391373373280821248
1391170839664635904
1391109424320811011
1391373145748164608
1391371926589816832
1391371776945541121
1391367950804848643
1391358627496222721
1391356901867261953
1391353867225341954
1391346882841042947
1391341438504476675
1391338953295400962
1391341437745250305
1391313497615568896
1391302662231048193
1391287241826316288
1391284361715011588
1391275826436612104
1391130059700903941
1391281498406404100
1391191275764846600
1391279754871980034
1391278473113710592
1391269386766278656
1391266382034178049
1391264482333241344
1391219192955817986
1391264082875981829
1391261173207740425
1391251657477001220
1391251373027627010
1391248291921383432
1391247152438030336
1391245432643280898
1391243905866387464
1391241215891460097
1391239898766716928
1391239769649205249
1391237257668005894
1391237089094782977
1391233904552693761
1391233604450234371
1391233353387593734
1391232346175717381
1391232160993103872
1391230724397797378
1391230207261040644
1391173751379795976
1391183201486491655
1391178426694914049
1391229471777296389
1391228956775526403
1391228313058828298
1391227659661807622
1391075400051093510
1391227450525372421
1391226766509936641
1391223584618696706
1391221147233042435
1391220198628265986
1391219823925989382
1391219425370574850
1391219350720458755
1391218013144240130
1391217822676799489
1391214234160279561
1391213858463928323
1391213792361689088
1391213183470350337
1391212506484514821
1391211116345405444
1391211091405987841
1391188165923418112
1391100440931180544
1391209497205555204
1391103613997617154
1391105548825804809
1391209440913788928
1391209035777576960
1391206388160942081
1391204146548822018
1391203998699507714
1391125364542431240
1391201178155892738
1391173698476863489
1391092035075989505
1391200917538541570
1391064808078733312
1391146492065312770
1391199846091169801
1391199779795918850
1391198961000542211
1391198560834756611
1391198496984903683
1391197663568318464
1391196229460242437
1391195809019011074
1391195551052533770
1391193297738256385
1391192909182033921
1391192144598142976
1391191748299399174
1391191716577820675
1391190254112190468
1391190125053423617
1391188964632154113
1391188659119005701
1391188534032310272
1391188403752890369
1391187933064056835
1391187875169984519
1391186640316547074
1391186018448023552
1391185809277997058
1391185598900277250
1391185474493075461
1391184567181225989
1391092536337342464
1391092537654333441
1391184449996423171
1391183589140803584
1391182457186230272
1391173881814261764
1391173651882516488
1391182005673631745
1391181052123746318
1391180708081721344
1391180679925350401
1391179963215327233
1391179092523900931
1391178869689004036
1391177562953592833
1391176605171658756
1391175989787570177
1391174941240963087
1391174933636653056
1391173875057274886
1391101645757550592
1391173573117628416
1391173414572986372
1391173352811810816
1391136326540480521
1391172986259054608
1391172584063086595
1391172373697728513
1391171844527493120
1391171477379055619
1391170619685756929
1391170546226892803
1391170011746680834
1391169488968552449
1391165472872321026
1391165440370618373
1391165303896297472
1391165233238921219
1391165062014976003
1391165057095065602
1391163660987469826
1391163214142926848
1391162666094264320
1391162633076842497
1391161736888262659
1391161605065375749
1391160809485651972
1391161328648269828
1391160496745852928
1391160484301258754
1391156251644604425
1391105026978762753
1391155134332239872
1391155133120192513
1391154041569390621
1391152842128384002
1391154018169331715
1391153159528087552
1391152520651759624
1391152059693547520
1391151867972014084
1391151843556823042
1391151318174154761
1391150532417499136
1391150053398614016
1391149613780975620
1391148812299800579
1391149184737292289
1391149183021854721
1391149192765116430
1391148662873628675
1391148565876121607
1391133813191946248
1391148083304673291
1391147938668335111
1391147885828399107
1391146912334614534
1391146535761547266
1391145238299824128
1391142638032756736
1391141815139459072
1391141381494640641
1391141172135923712
1391140994255572993
1391140282222235652
1391139964965081089
1391139904277532672
1391139715420770305
1391139155384541188
1391137757892841474
1391136369200803842
1391134793195167754
1391134785158979587
1391134480090288130
1391133879411556362
1391124326439604227
1391133464137711622
1391133132628312065
1391132424646574082
1391131521268994050
1391129713343614979
1391129281439350784
1391128158980689923
1391127325849395204
1391126051410034691
1391087149693427712
1391125432465076226
1391125085260558342
1391123876990570498
1391123241842978816
1391121974513000453
1391101792163811332
1391121956464783361
1391081634481332225
1391121535692206080
1391121359070244865
1391121244599300097
1391120544259530757
1391120526282682368
1391120135591710728
1391120000266776576
1391119495180210178
1391119292134051842
1391119132599357441
1391119116640137223
1391119084251660292
1391116814025887749
1391115860584976384
1391115050618851333
1391114159325171712
1391113452203044866
1391113086438887429
1391112483453214720
1391112219472146441
1391111466938290186
1391111332653584384
1391111221076758531
1391110561665064966
1391110193371615237
1391109394528669704
1391109142232903681
1391109134850793473
1391108563288870913
1391108209591586819
1391107938022998016
1391107656413327364
1391107348010262533
1391106715140169728
1391105561786261506
1391105502415777793
1391104941742166021
1391104070329454593
1391103066200498181
1391102749765419008
1391101518733053956
1391101282497306630
1391100760960684032
1391100447386177540
1391100314615484420
1391100281472102401
1391100230100262913
1391099347878567938
1391097680034766854
1391097302560002049
1391096965040152579
1391095852677177347
1391094914717466624
1391094098795405314
1391092485267632135
1391092215045365761
1391091502781186054
1391090782455619586
1391090756576845826
1391090334344654848
1391090300693749763
1391089974750101506
1391089333730529283
1391089954122608652
1391088059794567172
1391088607956508676
1391089845724979203
1391089558595555329
1391089071959642113
1391088358873468928
1391087196019560451
1391086878636625929
1391086454768652291
1391086415824424960
1391086179206959104
1391086168154968067
1391083702965313539
1391082758039027717
1391082316949241865
1391081658913337344
1391081438339076097
1391079014530420738
1391078655430901767
1391078203654082565
1391078142282960903
1391076752089239553
1391076427257233408
1391075617186197506
1391075207058759683
1391074764106747905
1391074383943376896
1391073946582278147
1391073809529196545
1391073790701019137
1391073097768443905
1391072357616398339
1391072042129117189
1391071144573349889
1391070384519270405
1391068053568434177
1391068033289015297
1391067590961811463
1391066693766578180
1391066533602938883
1391066447170969601
1391065159414820873
1391065141798711308
1391064559620968453
1391064517031854080
1391064269421166597
1391064036788379650
1391063688044498947
1391063110061076482
1391062093470736388
1391061950579216391
1391061054449459206
1391060766170701825
1391060263990874112
1391060213118246915
1391059865422938116
1391059758828986374
1391059347522924551
1391058951219863557
1391058624064245760
1391058007103098881
1391057382185242624
1391056692260003845
1391056485111812101
1391056457676640259
1391054523087695872
1391056218979016704
1390974703599296513
1391056201799045121
1391055138169757696
1391054883948834820
1391054556176560129
1391003500629405698
1391054118521802752
1391053647660863493
1391052406109229057
1391051464122978307
1391051677575401477
1391051220199092234
1391050910726557704
1391050896944078852
1391050327231811585
1390830223197868033
1390773076619628553
1391038755138637828
1391050296403664897
1391049162037268480
1391048788215664641
1391048754321674240
1391048700269666309
1391048663481438219
1391048625472540675
1391048437777408005
1391048036441276416
1391047995832115201
1391047489906749442
1391047323720032263
1391046658264289291
1391046420602499072
1391046204239269888
1391045134628818949
1391045047198621696
1391044456242110465
1390777694392971264
1391043348295651329
1391042224561983490
1391041785485570048
1391041629658783744
1391041377727823875
1391041304923197448
1391041224228982785
1391040653740503045
1391040632945250314
1391040368032894976
1391039776502034434
1390853431036874765
1391039347181432835
1391039094654898177
1391038755130298368
1391038634392842241
1391038272940429314
1391038105596186624
1390983137828605957
1391037588559994882
1390869309396856833
1390769742361899012
1391037155301003268
1390777029591711745
1390856003135148032
1390777687803940875
1391036987315036167
1391036964766326788
1391036735921000452
1391036559458189315
1391036557184884738
1391036552432820225
1391036547764457475
1391035874855510019
1391035816391106566
1391035088121573377
1391034384887783426
1391032745900527617
1391012075741327360
1391031613484453891
1391030785344430080
1391030369605013505
1391028894292185091
1391028759030075402
1391027574277562368
1391027736005816320
1391027674261331974
1391027619899002882
1391027218399248388
1391027105995972617
1391026000268566529
1391024118418583552
1391023557283614722
1391023466044956672
1391023278706368512
1391023173605466115
1391022900262707200
1391022480349974539
1391021849933451268
1391020865895211011
1391020611108020227
1391020588249010176
1391020243674439680
1391020060244807686
1391018167837892610
1391017903248576517
1391017049472782340
1391011581929181184
1391015018653683712
1391014991042646021
1391011100225908740
1391010284001808385
1391014939523956738
1391012907815776259
1391013133544837128
1391012151599542272
1391011798392975365
1391011339938766850
1391010824735625216
1391009578754744323
1391009004940316675
1391007447482085377
1391007222545719302
1390993782984826880
1391005114329190402
1391004232862601217
1391002483695173632
1391000400791212043
1390999845243076608
1390998594526892033
1390998157211934723
1390995570135867394
1390996872597278725
1390996219816824838
1390996015147327490
1390995409800208384
1390995026000420866
1390993467510251521
1390992185345073152
1390764611671109638
1390992108203528194
1390989326817824768
1390987711360741377
1390986188752707590
1390984420082032642
1390983901816950784
1390982579415928834
1390980679169675267
1390980399971586052
1390980095326756864
1390977243812352002
1390973852851843072
1390972268499587073
1390965275839942656
1390962644572639232
1390947585913987072
1390950026143277057
1390949631480242176
1390947975342530562
1390940097495715844
1390939562889949186
1390936865000366081
1390935663529414658
1390933826990379008
1390932822232166411
1390925581425029120
1390925359156277249
1390923688602701829
1390916596437299207
1390923106294898689
1390917634091225098
1390915261784641536
1390915207170506753
1390915486058221568
1390915426591334401
1390915304042151938
1390915361986555906
1390915393208913922
1390912458831941644
1390909858090668032
1390751623232856066
1390908287848259585
1390906347349323776
1390906115840483329
1390766521773924353
1390899498004750336
1390897370217390083
1390896849201115143
1390892090662563843
1390890353964863488
1390889316281458688
1390888686695370752
1390887517990305793
1390887250473410564
1390886045802287108
1390886657323270144
1390882100346228736
1390880484461252609
1390880067627126787
1390879259028336641
1390878726108426240
1390878121667268609
1390878045662326785
1390876145869066242
1390872709484228612
1390868093858193409
1390866309768941572
1390865286178484232
1390865018162401288
1390863070591799297
1390861912787746820
1390861213442187264
1390859398822645762
1390859399242166275
1390858516626345988
1390858165072375814
1390858076555776001
1390858042154000384
1390857833164443648
1390853974320951298
1390853622427181067
1390853039540539394
1390852301280223233
1390852441051107330
1390852018844147718
1390851566425542659
1390851460829700096
1390851403569147911
1390850729590591491
1390850210046357506
1390849955213058054
1390849246010781698
1390848373742313475
1390848083261526017
1390846805034799105
1390845917557821442
1390844876678438918
1390844749209378817
1390844617927630848
1390844247365009416
1390843995669020680
1390842981029138433
1390839913894010880
1390839818490466307
1390839003407134721
1390837387404718086
1390837366626078720
1390836057260896262
1390834251814342659
1390834068648906753
1390833011327971328
1390832700353822720
1390832261210255364
1390832207133036545
1390831910264389632
1390831712377131015
1390830544527761411
1390831449494937601
1390831327684009986
1390830213475577856
1390828972234129410
1390827220902481922
1390826925355151391
1390826452568866817
1390826214705831939
1390826128848400386
1390825973352783872
1390825076661051403
1390824078228000768
1390822845194903558
1390820485286572040
1390820035074088964
1390819575235858439
1390819311883784197
1390818892671602689
1390818776908713985
1390818582209105921
1390817594576416768
1390817564205453315
1390817321434943489
1390815495079796737
1390815105940590599
1390815085795364866
1390813211239276544
1390813089164140546
1390812786717077507
1390812588989091843
1390812487239577603
1390812081985925128
1390811552492752896
1390810707290058754
1390810579376427011
1390809584407826436
1390809131481763846
1390808909896683526
1390808001842450441
1390807762704257024
1390807173224181760
1390807108564750338
1390806501141450752
1390805461985726465
1390804647703683074
1390804093942353924
1390804918160826378
1390804053936979971
1390803943790366721
1390803600276967425
1390803526939549696
1390802263237558279
1390802202772582404
1390801524343902209
1390801472019996674
1390801303106904067
1390801124999970816
1390800243655024643
1390799760496500737
1390799182580039680
1390798376204185608
1390798190543310849
1390797960531881985
1390797618045886469
1390797505705635843
1390796343774482434
1390795739287150592
1390795361845927944
1390795159957299202
1390795022954647552
1390795013806825475
1390794504710631425
1390792883993731078
1390793294272139270
1390792486805770242
1390792482871513089
1390792201932709888
1390792007962873859
1390791778714988549
1390791212307730433
1390789930734002182
1390789913755492360
1390789777918627845
1390789539384500225
1390788649579593731
1390788645536337921
1390788618113884165
1390787649590513664
1390787285260570627
1390786841130029059
1390786411704590338
1390786166048366596
1390786067767365637
1390785384590856192
1390785026854465540
1390784844255449091
1390784290124931076
1390783903036751876
1390765954972278785
1390782740295872513
1390782610171904002
1390781773248749573
1390781738725613570
1390781589626437632
1390754097746354179
1390781375247228932
1390780400604119040
1390779857689251847
1390779149690810368
1390771816365543429
1390778901618733062
1390778741543116809
1390776171701444610
1390778621783072768
1390778535061696512
1390778253955174401
1390777546531344385
1390776765715525643
1390776178735190017
1390775878112718849
1390775468656373761
1390765358915723266
1390775404433219584
1390774916438450178
1390774885136351236
1390774258645848064
1390766443403284489
1390768724173537283
1390773296506019853
1390772054006263808
1390771478807916547
1390770861649575936
1390768188191821826
1390769255252205578
1390767420802052098
1390770796663132167
1390768629449334785
1390768536394600452
1390768510486421506
1390768436855414790
1390768046550224899
1390767792094392321
1390767387717292040
1390767112927514626
1390766139555422210
1390764970648952842
1390763774320201731
1390763672322990080
1390763060688736258
1390762807222800388
1390761768876748801
1390759797771968520
1390758059941761026
1390757608584269830
1390756535953985543
1390756383835017216
1390756275693264906
1390756237789122560
1390755144053051393
1390754728372359169
1390754599582138368
1390754340147802113
1390754156848242691
1390753747450613760
1390753488653754374
1390752695213035521
1390751749569355777
1390751001276305414
1390750400601591815
1390750339473805318
1390750007586873350
1390749355720720387
1390749158093504513
1390748795357519876
1390748254049026052
1390748149812236291
1390747539620642827
1390747435413147649
1390747321273520130
1390747316009590784
1390746998630981634
1390639181668524032
1390746962488594436
1390746838538534918
1390746335729659906
1390746253462540289
1390746100609523716
1390746041180463106
1390745684412874757
1390745513750896642
1390743201745621002
1390745013341073409
1390743597197275143
1390743456386064395
1390743102650978306
1390717718953963524
1390742860736118785
1390742156973907970
1390741905726713859
1390741776303067137
1390740809629290501
1390740462105989126
1390740021334925317
1390739586553421829
1390648741317783558
1390739344915304454
1390738580029509637
1390738451520278539
1390738279717236741
1390737777113792516
1390707158849830914
1390737400997974018
1390737225315356679
1390703146486226944
1390720181047947264
1390736541086007298
1390736154551635971
1390736013102833664
1390734673316306944
1390734575819628547
1390733758958030848
1390733030617194498
1390732864959000579
1390732762823409664
1390732573266096128
1390732317346390019
1390731267059056648
1390730924208312326
1390730570070638593
1390729239406780422
1390647601049964547
1390593165548081157
1390729239276580865
1390674821453783041
1390729212588433413
1390728979963781121
1390728682944221187
1390728633216651265
1390728081984434182
1390727836655304704
1390727033551036417
1390726100049870850
1390640127773483010
1390725299994730497
1390724792471412737
1390724680290603023
1390723312934862850
1390723114603008000
1390722893135458307
1390722732690706437
1390722304213229572
1390722296646668289
1390721682923458561
1390721575415173125
1390721536844312579
1390721308678369285
1390721008534007814
1390720997121269764
1390720733832261632
1390719241083625475
1390718797464719369
1390718795572940804
1390718431381442561
1390717205369790468
1390716991263199238
1390716488756219906
1390716184253792256
1390715861527371782
1390715836197916674
1390715507326791683
1390715371192258562
1390715138202816514
1390714534067904523
1390697769837334534
1390714501159264257
1390714485325848578
1390714323060891649
1390713911742242821
1390713348254228482
1390713267660668937
1390713243769970690
1390712949849743370
1390663459101057025
1390712527961612291
1390712405827653633
1390712190093697024
1390711452244353030
1390711307352088578
1390711278541410309
1390711157279842304
1390710790613782531
1390710548426379274
1390710525105823745
1390709460578996227
1390709190272880640
1390708976791195648
1390708681692520448
1390708636192845826
1390708591816896516
1390708057030733829
1390707895411478532
1390707713252933635
1390648870741413893
1390697572528951300
1390707670248742915
1390707121247883264
1390707079476760578
1390707070060699649
1390706988401709059
1390706738349936646
1390682048604561410
1390706089281392640
1390674345723367424
1390696782514987012
1390705791158525953
1390705665774080000
1390705434588323840
1390704832059740170
1390704033938264065
1390654341141368837
1390703510166122497
1390701913231007745
1390701861804593152
1390655827950903298
1390656438188576768
1390701570317164544
1390701513857712132
1390701120708874243
1390700829015896064
1390700602511044615
1390700580193153030
1390663771169951753
1390699437949849609
1390699023787495426
1390698349481897989
1390698132179140608
1390697672277848066
1390697598399434754
1390696792057069574
1390696735756931073
1390695839077740546
1390695205792276486
1390695025273569287
1390694749468823552
1390694694615719940
1390694550809743365
1390693541865828353
1390694547236261888
1390693701853265929
1390693622442508292
1390678794940338182
1390693506444926980
1390693496172933133
1390693493648023558
1390621180747558912
1390621182173536257
1390693494906400768
1390622768887128065
1390693262751641600
1390692992869146630
1390692970857472003
1390656816296697858
1390692945431601153
1390692927802908672
1390692596964540425
1390692363736166405
1390691429886930953
1390690836350971904
1390690682814091266
1390690508767387652
1390690073352491008
1390689609739276289
1390689564944130048
1390689520912371718
1390688239497924611
1390688169507573760
1390687875449114624
1390687797623861249
1390686603589345289
1390687628605939718
1390687001947553795
1390686857382535173
1390686825254117376
1390685602497056773
1390686764742893569
1390686726180462592
1390686622409056257
1390686223220498437
1390685880864714755
1390685868982161411
1390685309151727617
1390685081283465217
1390684792249802753
1390684539308154883
1390684437940146177
1390683618880655362
1390683536349450240
1390683156844515338
1390683056126795777
1390681548568113152
1390681486861520898
1390680728841691142
1390680341069930497
1390679196465340417
1390678422096130048
1390677954645172229
1390677938287386625
1390677730887442434
1390677309355708417
1390677103671091200
1390676872657260545
1390676714179731461
1390676710425874434
1390676157742424066
1390675152850112514
1390674710820700166
1390674080794353669
1390674054252744706
1390673211830964226
1390672489425084419
1390671893880000520
1390670776811073546
1390670769382961156
1390670722511642630
1390670117193883650
1390669870346481666
1390669729468190723
1390669662237700098
1390669601181212687
1390669594864541698
1390669499481853953
1390666750858088449
1390666314071650311
1390665931840438288
1390665887645159426
1390665612951760897
1390665392448843784
1390665376195829763
1390664833796804608
1390664725655064583
1390663616848961539
1390663528034537474
1390662742609104896
1390662740872728578
1390662292983980033
1390661880629407747
1390661788480458761
1390661757207711752
1390661631986831362
1390661582213033985
1390661536964882436
1390660374471585793
1390659793719861250
1390659403708309504
1390658994830729218
1390658706686291969
1390658319262666756
1390656402742550534
1390656343971794946
1390655847878078464
1390655696618893312
1390655332641353732
1390654701310447616
1390653663878778885
1390653184159387651
1390652976868515843
1390652069200252929
1390641853863796739
1390651682204307462
1390651535227555840
1390651523475165185
1390628255519186951
1390650804927930370
1390649481759186952
1390649347126214657
1390649010390814721
1390585268332343299
1390649007156957191
1390648935514001410
1390648593158078467
1390648571461046281
1390647377262952449
1390646059165224960
1390645949907734529
1390645927799672834
1390645685884706822
1390644994516557824
1390644511060238336
1390644009027133447
1390643658270117892
1390642878980952064
1390642679021817858
1390641809710370821
1390641070099341315
1390639719160193024
1390639570371366912
1390639080988360704
1390637921343057920
1390637814254034946
1390637803034316801
1390637653708713985
1390637633378963456
1390636754919731204
1390635903710814211
1390635539779424257
1390635498549530631
1390635438411558915
1390635279598379010
1390633310758621184
1390633266122829824
1390632824915509249
1390630902007541761
1390630803403591680
1390630553129349121
1390629421040742400
1390628530208264192
1390627003448107013
1390626331482894336
1390626310662283268
1390625982495838209
1390625901533143042
1390625778753212417
1390625588885479432
1390625574599774209
1390624272532623360
1390623826585718787
1390623597069324288
1390620839532507139
1390619949484462080
1390613232939945984
1390612229213638657
1390610239419002884
1390601527123906561
1390608102043570179
1390602704184135682
1390603046636433408
1390593336319397888
1390588538844946432
1390583629659656192
1390583193858985988
1390582940829032452
1390580954633314306
1390574568092360707
1390574253255405568
1390564433588596737
1390559653227110401
1390548519044399104
1390545877845090309
1390544192691130374
1390540480451125249
1390540263081271297
1390539243232141317
1390539001967300610
1390536863031627780
1390535809732841473
1390532326292180992
1390528752501895169
1390528751348457472
1390527953382035458
1390527144871223297
1390526889819836416
1390525052559544320
1390522876114124807
1390522121164578817
1390521405792526343
1390520395925753857
1390368837468626949
1390362718507524099
1390520078551093248
1390519360943497222
1390519328873844738
1390519284015771652
1390518475588870144
1390517691505643521
1390516429347299330
1390516187797336068
1390514854461681664
1390513145907646465
1390511855710490628
1390511727083769856
1390511632531574784
1390510758753046531
1390511072445177860
1390506272395513857
1390511040107094024
1390511026173628420
1390510730772877313
1390510399057850372
1390510366233407494
1390485943153356801
1390507021275852803
1390510282305261570
1390510263883993093
1390510107226787841
1390509743148572676
1390508671629762565
1390507480090820608
1390507135902142470
1390505711591989251
1390504999537496065
1390504485953413120
1390503489139269633
1390502971776118788
1390502598520750081
1390502404139982849
1390502111213981698
1390501074075885570
1390500617039253507
1390500567412350978
1390499973318459392
1390498331248537601
1390497232756084736
1390497189005254662
1390387901465247744
1390497096348827648
1390496977448693760
1390496784821202944
1390496753976287232
1390494267563515906
1390494207597596673
1390493257025589251
1390490653377720326
1390490579536990211
1390490095900401671
1390489769558347777
1390489612057972736
1390489447121268740
1390489374492700680
1390488796106473472
1390488725168164865
1390470087295967236
1390472717342711810
1390488262263803911
1390488122136305668
1390487602357284873
1390487004945682434
1390486850767310848
1390485238313365511
1390485181065269250
1390485084776632330
1390485060910989314
1390484467316187136
1390484087966740486
1390483614920499202
1390483604858417158
1390454052165722113
1390483540400394244
1390483210933579778
1390482717675036673
1390482591388737540
1390482179621363716
1390371430379008008
1390482074952417281
1390481597426802690
1390481096576585730
1390480629389742080
1390479016969256961
1390478617713410052
1390478320891011073
1390478073678733317
1390478018712375300
1390476776615391234
1390475532249227265
1390474078843072512
1390475476397961216
1390401485784199170
1390475342775611394
1390366454432735234
1390393674748489729
1390448121461690370
1390420895311691777
1390475165935546374
1390474624639672325
1390473741625434119
1390473299243769861
1390473275596226562
1390472766902738944
1390472420771995650
1390472388249276423
1390436377217622018
1390470925238349824
1390470887338561538
1390470174818639879
1390469214339837958
1390468967353966594
1390468504348942346
1390468276778676224
1390467971869446144
1390467079573233666
1390465882867052544
1390465765137072133
1390460483719811074
1390465516452593672
1390465418901471233
1390464130390401030
1390432208410882055
1390464039092985856
1390463785920512000
1390463735832072192
1390463492466122753
1390463029062475776
1390462768055259137
1390462657552027649
1390462357290299394
1390460558596612100
1390459887767982086
1390459730842296320
1390459486339584004
1390458214920171522
1390457994446622729
1390457055698427908
1390457050719735810
1390456501215633410
1390456461080236033
1390455927648755722
1390455812741545984
1390455711742709768
1390454015939514372
1390454005067825153
1390453444381708291
1390453432146878465
1390452706582663168
1390452633253687299
1390452419696513024
1390452221008125954
1390452087914438659
1390451520349605894
1390450032063795202
1390449873972043776
1390448801572220929
1390448469350010880
1390448171227262977
1390447231979958278
1390446650754101248
1390445954373980167
1390445548516356101
1390445227647852545
1390444996285767686
1390444958583345155
1390444371649118208
1390443769661644801
1390442610834219010
1390336543060074500
1390443422020931587
1390336433974616064
1390442927592296448
1390442370777468933
1390442257862602754
1390441775949651969
1390441606680092673
1390441423053414408
1390441013509070849
1390440596431687681
1390440292537421824
1390440169824821250
1390440097468854276
1390439752755777538
1390439495896551424
1390439374505054210
1390438293184122880
1390437583105187841
1390437515056713729
1390413019247562755
1390436511427047426
1390436194673217539
1390436098296401930
1390435758000025600
1390381592103710720
1390435620271509505
1390434387628593161
1390433993154248711
1390433648436932608
1390432992242307073
1390431590476562432
1390431519580188674
1390430340011941891
1390429982275506177
1390429356263100416
1390429327066607624
1390428655101304832
1390428555222392833
1390426651423555590
1390426533563613184
1390425580835774464
1390425521637363715
1390425458236346368
1390424573053743109
1390424514723553289
1390424389116588032
1390357944886128641
1390407813675896832
1390424364429070342
1390424338692718602
1390422156706729986
1390421146475106312
1390420774259941379
1390420653254250496
1390420514812870659
1390420265608351757
1390419079693955076
1390418708292587526
1390418280259547138
1390417844098281479
1390417147034325000
1390416707320258567
1390349037426126850
1390342345317625856
1390416627745841155
1390408666252206083
1390416611862056968
1390415372755558406
1390414634411245577
1390414385894629378
1390414142071312390
1390413978728345607
1390413531393282049
1390413356109008897
1390413300744212483
1390413098549452801
1390411858419490817
1390411562066845699
1390411110633857031
1390410486634754055
1390410425431470087
1390352545743347714
1390410352765149187
1390410153778892801
1390399341244846081
1390409813130203141
1390409204855451650
1390409084445265921
1390409042636460040
1390408763732025350
1390408668814917642
1390406752672239616
1390406516914667523
1390406430235189261
1390406330150801415
1390405306237296640
1390405167426818048
1390354573215158277
1390404060235268099
1390404048965275651
1390404029658943494
1390403943717605385
1390347524272267269
1390403339507089412
1390403290391842827
1390402968621625355
1390402944961552385
1390402931812352003
1390402839231406081
1390402594485325824
1390402049767092227
1390401139426824194
1390402026777944067
1390401823043776512
1390400857435422727
1390400326071631876
1390398913111367695
1390398634454302720
1390398266962022401
1390397778782793734
1390397701754429444
1390374635145924621
1390397628752531465
1390396107579039744
1390395896660070401
1390395617264951296
1390395514848522242
1390394229449502721
1390393941015547905
1390393915988193280
1390393497518166016
1390392360891265024
1390392358039179264
1390391343432835079
1390390706318020611
1390390661803913226
1390389561147101184
1390379763961847809
1390389430515605507
1390389417043365888
1390380712713392135
1390388951890997248
1390388871196823555
1390388511006728195
1390388211529261064
1390388105115484167
1390387806019653632
1390387393082048513
1390386875941146630
1390386707619590148
1390386611066744836
1390386353901162498
1390386314269319171
1390386313183039493
1390385781311692804
1390385638235643906
1390385529489920002
1390385419443834880
1390385306948423685
1390385124793995267
1390384870942072832
1390384600682270720
1390384363095867400
1390383771069915143
1390382891482468359
1390381482468839429
1390381284480978944
1390381232744275977
1390381224569475074
1390380990426763266
1390380125401780226
1390379622294949890
1390379582684078083
1390379420767162369
1390379111374368772
1390378268788871170
1390377580797308938
1390376081555869699
1390375944586727429
1390375468864581638
1390372923731550208
1390372485661663233
1390367831167062016
1390372435875225601
1390372296909627395
1390372104638537728
1390371585643753479
1390370922364915718
1390370906380410881
1390370819168161792
1390370780920303617
1390370288559345664
1390369894038970380
1390369746122682368
1390369822454714368
1390369720650641411
1390369251731640321
1390368997158293516
1390368690563072002
1390368539928891398
1390367300889481224
1390367161244430337
1390367125643091971
1390367199660027906
1390366244667277330
1390365535808933889
1390365392472735747
1390365370096177154
1390364881803747329
1390364621517819906
1390364530274979844
1390364196819320836
1390363881869037570
1390363567086612482
1390363407614836738
1390362642322280462
1390362245415280640
1390362119842013190
1390361847858180101
1390361637459308549
1390361486330109961
1390360890814369792
1390360414328958979
1390360257784733696
1390359874366844936
1390359495373737985
1390359343971946501
1390359079676116994
1390358598979624968
1390358446357184514
1390341573997592577
1390358411204829191
1390358272083955717
1390358045864120325
1390357566211772418
1390357140355878912
1390356664960835584
1390356508131663873
1390356097517641733
1390355375845687298
1390355372284731393
1390354699426091008
1390355263568465921
1390354822478667778
1390354744523124738
1390354173733003264
1390353951644688389
1390353450379223049
1390351915385561089
1390351562468466690
1390351501604925441
1390351387830145024
1390351357417246726
1390349596124188680
1390351155344064516
1390350787910438912
1390349636242710528
1390349421586563076
1390348998452654085
1390348933059301378
1390348831196426240
1390348771771420682
1390348647137746944
1390348318744645632
1390347315983130632
1390347090849669122
1390345985373741068
1390345759141371908
1390345309922922502
1390344900428840966
1390344840227921920
1390344712918388740
1390344610430521350
1390344364589649923
1390344352459751427
1390344328464289797
1390344266006757386
1390344008044515329
1390343709896712196
1390343687826182146
1390343147826335744
1390340973872488454
1390342426980720642
1390341293029605376
1390341106211110912
1390341087265378310
1390340950304514053
1390340855542784002
1390340843542827008
1390340740505604105
1390340385055064068
1390340351005794309
1390340217232580611
1390340212144828422
1390340163453214720
1390340062047621124
1390339989238599683
1390339968711733253
1390339532755718152
1390339350035116038
1390338333654491142
1390338145883938816
1390337228778446848
1390336319029608451
1390335915713830917
1390335756451950596
1390335235842363394
1390335126622588928
1390334714259595267
1390334478225190915
1390334251762081792
1390333477841743875
1390322269268975619
1390333386166837248
1390333199532888064
1390333192708804610
1390333084348919808
1390333039008436224
1390332454339325952
1390332372785278976
1390331827823513606
1390331654946820098
1390331621665120260
1390331618854854656
1390331598537691145
1390331333927481344
1390331166084018184
1390331005370834944
1390330815914160129
1390330385536491521
1390330209870643202
1390330158645751809
1390329979251089408
1390329936209235968
1390329729916473346
1390329674325270531
1390329641349664771
1390329285798400009
1390329205049671686
1390329108064874502
1390328747585282051
1390328583063810050
1390328564873039874
1390328550419574784
1390328287243739140
1390328074600861697
1390327937287737349
1390321511278563330
1390327812960231424
1390326906973741059
1390326704976105472
1390321400754360321
1390326699875766277
1390326080234565639
1390325951720996874
1390325751682150401
1390325470613450762
1390325100742852610
1390324911361511425
1390324664078118922
1390324648903118851
1390316574297501700
1390324580850487305
1390108776456499201
1390265292207558658
1390324088057470976
1390323730304409605
1390323652181200903
1390322797017243648
1390322336226758657
1390321823124967425
1390321714869964806
1390321512910147587
1390105361441599495
1390118106132107270
1390321326099939328
1390320915402137604
1390320653082009609
1390319878712791042
1390319725301964800
1390319670008242181
1390319527099998211
1390088439073234955
1390255370627600396
1390319069249867778
1390318837086801929
1390318642668085257
1390317154654900229
1390093269133152261
1390316989596454915
1390316919560024066
1390316577611034626
1390315228949323784
1390313484248825856
1390296947710382080
1390313206816591877
1390300492228661250
1390312998800138246
1390312760328679425
1390312103505010690
1390311004131807238
1390311334097653760
1390309591016218628
1390308566809067520
1390308553328578561
1390308284356341761
1390307828145950723
1390307681328566272
1390307593164365824
1390306983652192265
1390306096053637120
1390306560954535940
1390306053603041282
1390305649406451712
1390304804690292743
1390304606912237570
1390304565992460289
1390304402850783245
1390304346907189256
1390304283183050756
1390303857658384395
1390303527029796874
1390302623316680704
1390302560733614085
1390132924234731521
1390111699273932806
1390301793691836416
1390301323761963008
1390300618686926850
1390300607471304704
1390300360594624518
1390299673559195650
1390276385047031809
1390299002353094660
1390298934552182784
1390298190944014338
1390297703020736512
1390297492055629825
1390296975015297025
1390290880993574914
1390296623335542786
1390296213082279938
1390295848630763523
1390294956472999941
1390294828014051329
1390294577068785666
1390294268107964423
1390293684948664325
1390293338830647297
1390293322711830529
1390292828505448449
1390292816023199744
1390292780300263428
1390292584023609344
1390292128903872519
1390291717287550989
1390291491147419648
1390291193913827336
1390290850652041218
1390290803696750597
1390290491363631107
1390288941509718020
1390288512289751042
1390288360166494210
1390288178385412097
1390287723454504963
1390287702164180994
1390276122731061250
1390286831145693187
1390278487559266305
1390286107007410179
1390285686910197762
1390285150571753474
1390285037191450625
1390089656750989312
1390284782307737605
1390112499375099909
1390230326396342276
1390284548261429253
1390284368174792707
1390277841460281350
1390284301078437893
1390284171126448131
1390269208232136704
1390284080508510209
1390283798856695812
1390283303463358468
1390282423364210691
1390152360262053888
1390106583976267777
1390282026138353667
1390281823419342849
1390281629084659713
1390281253103063047
1390275528364597250
1390278619914805252
1390277817468915717
1390281111855583237
1390162649745297408
1390269529452908544
1390268801191751682
1390266335209431042
1390135654881890305
1390280785689776133
1390280539266064385
1390280169995264005
1390279860736638980
1390279507127554048
1390279001558687745
1390278002462822408
1390277324420026369
1390276592488886273
1390276159317975040
1390275406671003650
1390108638233206791
1390274849994682368
1390274021787414529
1390272121188855813
1390271143316271104
1390269497760784388
1390269354621743107
1390268874659180544
1390268595633102848
1390268566604234756
1390265975010906116
1390265638220967936
1390265073210363905
1390263979788980224
1390253247114489888
1390257933158600708
1390255945406689283
1390254563798700037
1390253765001875459
1390250049494470657
1390248570142474245
1390102460669251587
1390248351606743040
1390240728006148097
1390236264440504323
1390234762732781569
1390203475473096704
1390229839953674240
1390209123929796609
1390215801559465985
1390215340051898376
1390205570062372864
1390202013070381056
1390200917685907460
1390198587825479681
1390189550748807169
1390178423637749761
1390173725472051200
1390172782814707714
1390170937849532416
1390169783266590721
1390169240536293376
1390167151902822401
1390166672443576326
1390166568701763585
1390165892466630656
1390165068986396675
1390162827969708033
1390162216872198146
1390160959977762816
1390158952311267328
1390158793099579393
1390158705409277952
1390158579236315139
1390158406376435712
1390158358397607937
1390157467133222914
1390156889326067717
1390156530360754176
1390155519537602565
1390155132784971780
1390154998059728896
1390154254195822597
1390154040487591941
1390152514029379584
1390151263090774019
1390098040854388736
1390147994989867009
1390146368556109824
1390144314131505154
1390143294735269888
1390131240074887173
1390142320658505730
1390142078382915588
1390141701382152197
1390140756602589185
1390139301569105924
1390139259940708358
1390139073461997569
1390138988632104960
1390138508853932041
1390122310292574209
1390138221405868033
1390136543306829831
1390136120017575942
1390135539727278087
1390135060972584970
1390134289992491008
1390134214822072329
1390133249842847745
1390132498684956674
1390133073140985856
1390132411833405450
1390132299191095300
1390132174830112769
1390131719982964736
1390130540108472320
1390130525419888641
1390130443517898755
1390130319794352130
1390129932102209538
1390128604424675328
1390112738509217803
1390127200674910209
1390126346316173316
1390126315035058184
1390126281136779266
1390126076001673216
1390122369251938304
1390125978920366082
1390122778263789568
1390125843750473734
1390125462958092291
1390124660143054851
1390124230784782339
1390123987414441984
1390123378116374529
1390123327696424960
1390123284491079688
1390122558306111494
1390121714340835330
1390121352993062912
1390115300658528256
1390120885147865092
1390120365775597569
1390119074085097473
1390118986235400192
1390118983853088777
1390117026295865345
1390117326587105281
1390118691635822592
1390117782042419203
1390117205648580608
1390117018557423616
1390116918946897929
1390116581594869762
1390116353072373760
1390116063874977797
1390115472750825476
1390115033053552642
1390113705711607808
1390113504481394688
1390113233491668997
1390112365476081666
1390094850310164485
1390112254373289986
1390112059749289986
1390111339620839426
1390109439584264193
1390107887863746560
1390107536762810371
1390105397692878853
1390107283200352257
1390107139675496453
1390106995722702850
1390104843306610691
1390106754072125440
1390104299523481602
1390103240763527169
1390103210858323970
1390102911292690437
1390102534149259269
1390101992165490688
1390101945227091970
1390101212951887874
1390101123474903044
1390097509666668546
1390100672880730112
1390099958007803904
1390099523217903619
1390099027102949377
1390098942080299010
1390097970553573379
1390097621218365442
1390097298600775683
1390097191604215808
1390097178434015232
1390095676764209153
1390094850335428610
1390094150482243587
1390094002284810240
1390093317229121536
1390091249818951682
1390090508798726144
1390090931043508224
1390090180460261378
1390089116994490374
1390089105665581057
1390088553355485186
1390088516261064706
1390088057697800198
1390087760636121088
1390087521124720643
1390087287103447041
1390087232170643460
1390087046841212929
1390087016726114305
1390086524658651141
1390086424742047745
1390086233657913346
1390085699056160768
1390085233610010625
1390084687209668609
1390084366097960961
1390084299559514130
1390083981849333763
1390018238013186055
1390083770242437122
1390082891896344576
1390082651843928071
1390082592402247689
1390082555869810696
1390048108994826242
1390081578521464838
1390081453233410051
1390059975960039428
1390060378223169537
1390063706361499651
1390080520776818695
1390057009140146181
1390079511966932999
1390078388870815749
1390074303358570502
1390076708737409032
1390076315949314051
1390076194318606336
1390075697239138305
1390075496214503425
1390075436839931905
1390075180395925505
1390005986887446528
1390000759106834435
1390074450989682691
1390073695956262912
1390072931817082881
1390072426101297153
1390071990334148610
1390070907612323850
1390063691534643208
1390068357827862535
1390068174897524736
1390063953670283269
1390068353050501122
1390066849480683520
1390066068962484227
1390065856990695424
1390065773708603392
1390065600790138880
1390065573355270145
1389982491285524490
1390065373970681864
1390064023429865475
1390060594884120578
1390063990634684425
1390062224677429250
1390061651458678784
1390061607644852226
1390061192564117514
1390060987823366147
1390060306609618951
1390047612846452744
1390059230946865153
1390059009764466693
1390057525412782080
1390057321636659201
1390056347304177674
1390055923507515392
1390055807258087424
1390055696687845376
1390055585488461828
1390055537442709511
1390055284689805317
1390054867650154497
1390054527760572417
1390054125723951105
1390053910157664260
1390053786765258754
1390052610737119234
1390053674421002243
1390053648357462019
1390053599489757189
1390053313647890441
1390043719953489926
1390043723736694784
1390053187734888450
1390009502615973891
1390052858339471360
1390052348509175812
1390051947252703234
1390051273718784005
1390050423860572161
1390049669623975938
1390045974077317128
1390049442967982083
1390049074762690561
1390048659778285571
1390048514823102466
1390048514365956104
1390046530388770827
1390044629144424455
1390029904805351425
1390045000046714884
1390048482002624516
1390048388096446465
1390048058885410817
1390048016183316489
1390047823496949760
1390047647281598467
1390047429534224385
1390047394767724548
1390046972577468417
1390046888376692737
1390046834308100100
1390039092608606210
1390019646405976074
1390046828947808257
1390046660030607360
1390046448016822297
1390046429780094980
1390046415875756034
1390045682061529088
1390045100621840395
1390044869280899077
1390044732605206533
1390044548169150464
1389957178220503054
1390044342732136448
1390044290747977731
1390044273874243586
1390043545512333320
1390043357972402180
1390043149607837703
1390042986831036417
1390042916958183424
1390042696002191367
1390042683964485634
1390042624082464779
1390041938552840192
1390040664902144000
1390040195555381254
1390039958828765184
1390039909390561280
1390039309361762306
1390039301757546502
1390039011339681792
1390038768393068548
1390038299327320069
1390038295430717442
1390038091566624771
1390037575423901696
1390037170514239488
1390036826413481986
1390036777537134593
1390010506396663811
1390036172039237633
1390035746564853764
1390023949589745664
1390035671218151426
1390035287921893378
1390035171794169861
1390035054731087874
1390034822962192386
1390034514970222594
1390034408225263618
1390034503796670473
1389990745805893635
1389991563611316232
1390034324137906176
1390034099310628864
1390034054817452035
1390033677598531592
1390033644740349957
1390033488682889216
1390033264111493120
1390032885357244416
1390032357764341769
1390032106558955524
1390032100745748485
1390031820016787456
1390031527417950210
1389962693113753600
1390031119232479238
1390030811282382852
1390030689957933057
1390030586492989445
1390030381189976064
1390030374483419156
1390030158120333314
1390030121046794244
1390029883598729216
1389947206816440322
1390029381163274246
1390028979084615689
1390028771768606726
1390013921298419724
1390028603660832768
1390028384177098753
1390028349981011978
1390027883817676808
1389975377263697928
1390027266361593863
1390026814857244674
1389981561844604931
1390026299352178690
1390025904152252416
1390025611213688838
1390025368007057415
1390025224691793926
1390025161286504452
1390024988783267841
1390024687233634305
1390024643805913088
1390024365572513803
1390024306193747978
1390024297918443533
1390023630948642816
1390023208427040775
1390023174423814149
1390022516740173824
1390022242591862785
1390022108944732168
1390022055916146688
1389978812260126721
1390021106661265416
1390021048582692871
1390020825840029699
1390020747725209600
1390019812793987073
1390019620464168962
1390019534640267268
1390019521080176640
1390008460373372931
1390007818368032768
1390019462552817667
1390019155416453124
1390019006497763328
1390015759875780615
1390018183717863432
1390017937944158209
1390017930243579904
1390017575850020866
1390017234496593924
1390016726947991559
1390016567837069313
1390016095390683139
1390015937559023624
1390015306391867393
1390015033036484616
1390014602445000714
1390014533117386752
1390014466012684296
1390014249985007616
1390014208595668993
1390013342459129859
1390012810155880450
1389947186583011333
1390011910461001732
1390011357202984965
1390011257063890946
1390010882252496897
1390010385374273538
1390010182852386818
1390009908972736514
1390008745430851586
1390008662261960705
1390008620419534848
1390008602878939136
1390008576538722321
1390008293834231811
1390008532221767684
1390007985666248704
1390007941307281418
1390007100726722565
1390007023929118725
1390006832127565828
1390006416191094785
1390006098946560000
1390006063165026306
1390005993673826305
1390005802644262916
1390005664802541569
1390005603712475136
1390005318663409666
1390004900873084928
1390000021727293441
1390004541819654155
1390004200030056448
1390003231720460290
1390003232789893122
1390003174090567680
1390001908929253379
1390001440081551362
1390000844398120965
1389995170603675650
1389999745603620873
1389999393382731783
1389999037798043651
1389999032785907712
1389998662965673991
1389998496397287435
1389998070377615371
1389997530243641345
1389997445871017990
1389997283056390147
1389996030251442180
1389995762004766725
1389995672456282115
1389995354096115712
1389995228426391554
1389993484979953668
1389993193320730628
1389989663729987591
1389993045181927429
1389992921450139650
1389992591597445123
1389992168614473733
1389991450881011717
1389991302742388744
1389991265568165888
1389990307303919617
1389990004169056262
1389989858890993669
1389989766616203265
1389989502710603779
1389988376498016260
1389989168697298946
1389988830556692480
1389988544710684683
1389988257232998400
1389988231454674945
1389971600863219712
1389988076399779853
1389965363195039751
1389987380556410881
1389987189166014465
1389985852437172227
1389985931495723010
1389987102994149380
1389986801650069505
1389986772696793091
1389986747895980032
1389986465745149953
1389985916719087619
1389949147718029312
1389985443807117314
1389985439612915713
1389985345845014528
1389985201879719938
1389984774194933760
1389984770269106184
1389984541255913473
1389984536382124039
1389984066926116872
1389983771336794124
1389983407602610176
1389982520809336842
1389982185130708993
1389981934055563271
1389981902111641611
1389981797304475650
1389981735786586112
1389980483077947394
1389980306338467841
1389980092869316615
1389979938854477827
1389979935356309504
1389979354025717768
1389979054686851074
1389978960361103360
1389978482881482757
1389978425952251908
1389978420642205696
1389978267524939781
1389978140534087691
1389977871486173187
1389977644649824259
1389977336989294596
1389977142428065800
1389976931181924352
1389976674738053122
1389976536321822722
1389976361524203521
1389976252505804806
1389948064224452610
1389976072817631232
1389975972842196993
1389975641060257797
1389975372813455362
1389975191023927298
1389974059035865099
1389973398340702215
1389972936015192065
1389972916201209859
1389972470409699342
1389971812281241602
1389971788537466883
1389971518831185930
1389971073635061765
1389970825252642829
1389970578929487874
1389970556435456008
1389970335827628034
1389969664894279680
1389969562238689282
1389969250614484998
1389968968111243267
1389968473099575297
1389968363179364357
1389968353771638785
1389968339552845824
1389967875587207172
1389967835393368066
1389967343674003457
1389966456482377730
1389966314316382212
1389964294578708480
1389964235904540677
1389964167713640449
1389963928856313857
1389963774447300608
1389963488424960000
1389963408817233925
1389963380698411011
1389962586787966978
1389962402620485634
1389961751899291649
1389961665152704519
1389960237814321152
1389960201944588292
1389960180943794179
1389960167320547328
1389960117253201927
1389960024567554048
1389959761068580865
1389959655183601667
1389959072854601735
1389958472901476353
1389957890476228609
1389957682258485248
1389957654659969035
1389957348513488897
1389957273146073095
1389956998989484034
1389956480259039236
1389956458746363907
1389956253305106436
1389955495562186757
1389955161007722496
1389954242895650823
1389953275315769348
1389952531594350599
1389952144623783941
1389951616082657285
1389950887385341954
1389949917582413825
1389949781577977858
1389949714091622403
1389949535917649922
1389949097633796102
1389948054770528256
1389947577295114244
1389947439717748742
1389946767567900672
1389946708415684608
1389946631521542153
1389946541050253312
1389946501808500736
1389946084978532360
1389945944590983174
1389945552578691075
1389944381873041409
1389944374872707073
1389943430587969541
1389943370168999936
1389943203869175808
1389942814226751490
1389942682617749509
1389942516263366656
1389942108086312967
1389942118450348032
1389941234802831367
1389941076719509510
1389941512251789315
1389941471042801669
1389901270916505604
1389749289874857985
1389941130939219968
1389940086536654848
1389938646166515713
1389940040181166084
1389939274229993479
1389939270937452546
1389938987821850626
1389938113460555778
1389937943398203394
1389937571812331526
1389937376596615170
1389936865009180673
1389936558317490186
1389936420148563972
1389936411487375362
1389936071690100738
1389935438169788422
1389935371463667718
1389935232074272768
1389935272096378880
1389935216882556933
1389935112679219204
1389934476357259265
1389934064459730946
1389933821173379072
1389933597163917313
1389933249779146757
1389933093977419777
1389932927513993219
1389931822172233731
1389931069366018054
1389930329750781952
1389929960849252354
1389929848622264325
1389929439925051393
1389711022882230281
1389928512576970755
1389926684384800777
1389926230200393728
1389925834539126792
1389925571174539266
1389925414135607303
1389925299366809605
1389924713573625856
1389924494484115457
1389924408719024128
1389923873173479424
1389923648161603589
1389815933355577351
1389922823687348230
1389922377140776961
1389921373951303681
1389920993284603906
1389920541495156739
1389920523526840323
1389920311118811143
1389918483136323584
1389918325732519937
1389918042101059586
1389917796147027968
1389917721891164161
1389917655042306049
1389917353027244033
1389916915250966528
1389916336218853378
1389915982165069824
1389915248715501572
1389915050509574146
1389915018196553728
1389913299777622017
1389912806611369986
1389912768590094337
1389912054874705929
1389911517890547714
1389911517085282309
1389910768280379395
1389910516395560969
1389910480555282432
1389909466448121860
1389909283492569088
1389909130291331074
1389908254617182209
1389766805246332930
1389907683025817604
1389907462757699584
1389906079635628035
1389905954490171397
1389904951711764483
1389901917405564931
1389899585053765633
1389696576927551497
1389899460709339138
1389899206719152128
1389898943845261315
1389898707504668678
1389898239311335425
1389897683138195456
1389703909485207552
1389745580277223426
1389722266636853252
1389894797763227650
1389893383728992262
1389893328431456257
1389892383504994307
1389891393338884096
1389885475096342533
1389884343141666816
1389884047707582464
1389880889564409858
1389879880263913474
1389877677885116417
1389875131934203907
1389872920344805376
1389867574117163010
1389866286319128577
1389860694972112899
1389856323869741058
1389853018695344129
1389847729745104897
1389844208186449920
1389842498961485824
1389804489453019136
1389842357248462851
1389837252914712576
1389839914934620162
1389836645973872642
1389824924143996931
1389822490453626883
1389818331889295362
1389817504705302530
1389816430695272451
1389816371459014657
1389816024506245122
1389815550067499011
1389815052044230658
1389747092130828290
1389813885411209217
1389812796477644804
1389811182572392451
1389810664508739586
1389811125173161988
1389809317155676161
1389803931035897858
1389808600638443523
1389783107134427140
1389787965887500289
1389807738088267777
1389807916518150144
1389787261097631747
1389786186802212864
1389802988672208902
1389802459992838149
1389802363771256837
1389801683018862592
1389801943300722690
1389801856369582080
1389801718809088001
1389801072533852160
1389801020251848707
1389799607920730113
1389799061117677570
1389797140717842433
1389793660863197185
1389796237164093440
1389794596545236994
1389792780872978433
1389792761759637508
1389728862284795906
1389729015926251521
1389734314057912324
1389792529927790596
1389791496103149572
1389790713634693121
1389790377654329344
1389788707679518720
1389753526532943875
1389788615631380485
1389788401705099266
1389783641979555840
1389787542304829450
1389786935992852484
1389786806200135682
1389786614403117058
1389786068317204480
1389786006619049986
1389784911872147465
1389781564721188865
1389784689020395522
1389784548913864704
1389782315950354434
1389782169799770114
1389770369591033859
1389781963188342786
1389781597390581767
1389781316355465216
1389780663776206850
1389780186678374403
1389779729360691203
1389778976474898435
1389778809340190729
1389777245233950722
1389776649386807300
1389776330804314114
1389775758516703232
1389775530518589442
1389774782087024641
1389774712272609280
1389773356275277824
1389698399637700611
1389771392346992643
1389771113887055874
1389770922819784705
1389770833292374033
1389736596908433409
1389770784189652993
1389770470036213764
1389770248279273482
1389770171250790402
1389769736741957646
1389760832486187008
1389768793543647238
1389768556548591620
1389768422179753986
1389768014178959363
1389767516831031296
1389703708418711552
1389766026376585217
1389765949440602117
1389763773947420674
1389763344043855873
1389763157418291201
1389762145903067146
1389761238566150145
1389760660729470976
1389760129088765953
1389759698208018432
1389759538299957248
1389759371098402822
1389759276739084291
1389758381464903680
1389757910377504769
1389756620549378050
1389756600425013248
1389755782376349701
1389749773310341123
1389751264024596481
1389755727972085762
1389755688910573576
1389755426498097152
1389755398891065347
1389755356671270914
1389754884279480321
1389754671334674446
1389754499963703296
1389753943337615363
1389753832024985601
1389753292822126600
1389699366470946820
1389753779818582020
1389750285619322881
1389752992417603592
1389752700523454466
1389752399926071298
1389749474956820480
1389751478886313984
1389751155048292352
1389750429802717194
1389750160243167234
1389723003538268165
1389745712972304388
1389744985529102338
1389716550165405703
1389749967951118338
1389747377867829257
1389749090007883784
1389748615178948608
1389747314743562240
1389747011767910401
1389746954234630146
1389746819530362886
1389746419825876996
1389744853332934659
1389744554648248333
1389744174107406336
1389744005219508229
1389742452165148679
1389742043262509057
1389740708408528903
1389740893075296259
1389740731477250055
1389739663691292678
1389739273897881603
1389738245269884928
1389738220062220288
1389737850623692807
1389736776621858818
1389736252933607428
1389736169814904839
1389734793517146118
1389734726416715777
1389733876558352395
1389718853375217674
1389733762137792518
1389733636929380354
1389733537742532615
1389733426660585476
1389733386701262850
1389733053690523648
1389733019234230277
1389732869589848064
1389731728990801928
1389730602979573767
1389730399228776451
1389728663067713537
1389728649373421573
1389728026452238340
1389727765163913221
1389727192855322632
1389727152329871360
1389726680139407364
1389726650892496899
1389725267657166850
1389726274306908173
1389726206396882947
1389726045377548288
1389725542602186752
1389725317984575491
1389724292850585600
1389723146710704129
1389723120135806977
1389722312514195457
1389722275386171397
1389721324755554319
1389720161037561857
1389721282598555651
1389720806050107393
1389720359516217345
1389717891394805763
1389717825049272324
1389717375235215360
1389717178455404555
1389707249099083787
1389705740932222976
1389716926876864524
1389716798044479488
1389716710970777601
1389697529307148290
1389716550047969282
1389715573483966467
1389715453434531847
1389714960935047170
1389714920707661827
1389714720790286342
1389713924422000645
1389713410456276998
1389712676184633344
1389712201397719046
1389712179352461316
1389711158207205376
1389711086295740418
1389710934000619523
1389710650016997380
1389710472199475206
1389710464007933958
1389710135942160384
1389710090937196552
1389709663017521156
1389708911528267783
1389708892486127617
1389699408095109120
1389708315328974853
1389707419136167938
1389707307936894979
1389706835930791936
1389706609568493570
1389706557655552004
1389706084764553219
1389705587689103360
1389705473151180802
1389705393534914563
1389705152035180544
1389704430627471361
1389704411274960896
1389703971900727297
1389703238312673284
1389702770043785218
1389701734310707202
1389701558426693632
1389701024873521153
1389700957328470018
1389700917361053701
1389700843427876864
1389700390447468548
1389699825420017665
1389697187471319043
1389699047728975872
1389698533499064325
1389698180028063746
1389697753643581441
1389696998970904578
1389697720537911297
1389697616112328704
1389695820816031744
1389694437895426055
1389694237025898497
1389694110437629952
1389693312299319301
1389691276048601088
1389690381017796608
1389689836190240774
1389689256629739521
1389688938562994182
1389689226262765568
1389640958690562051
1389689182390476805
1389688757436108801
1389688362534064132
1389688122879856640
1389687860274634752
1389687717810819073
1389687011636924423
1389686974198521865
1389652554288713736
1389686465689538561
1389686465089572867
1389686355941285890
1389686214530318336
1389686028911398912
1389638494730035203
1389685488882229257
1389683741023420416
1389685118122536963
1389685029077504001
1389684245631623170
1389683867846516736
1389682814220742656
1389682811544670220
1389682710210256896
1389682638634561541
1389657295731167232
1389641879931834369
1389682539208577028
1389682002530611205
1389652782446219266
1389681787576725509
1389681426476371969
1389681135047876609
1389680461920804867
1389680260216762371
1389680139009765383
1389679606156906501
1389679420349239301
1389679155978117124
1389678061117923329
1389677820675338245
1389677796679589888
1389677714030931968
1389677642744483843
1389677477895757824
1389677332483411968
1389677212748632071
1389677010079858698
1389676821097197578
1389676449892818946
1389676353314820100
1389676082169749505
1389599231631978496
1389675998271217665
1389675867660595200
1389675779768918024
1389675194285924352
1389674677774209025
1389674448500920320
1389673655970435075
1389602708487909376
1389669797336653824
1389672079725846534
1389671763169087494
1389671372897406981
1389671174687371265
1389670883409682434
1389651633164984321
1389670063251378186
1389669934574325761
1389669671176220680
1389669561272733696
1389668707522121730
1389668486117474304
1389668363635462148
1389668314637651971
1389668041118543874
1389668006641364999
1389667990505984009
1389666785876717576
1389666693618835458
1389666654687309832
1389665760339976192
1389665690953605121
1389665594069368834
1389664818752368643
1389664596261105665
1389664565420445696
1389664206199431173
1389663822663782407
1389663782834786305
1389663698806091777
1389663175809851396
1389613888606543878
1389663039641821189
1389662831411441664
1389662661646983169
1389662646748778496
1389662094736465921
1389661343918305282
1389627105974050823
1389660742467657739
1389660700075651072
1389649968332427267
1389648168158208006
1389660390569615360
1389659678506946562
1389659672626581504
1389659620638175232
1389659027437625345
1389658827272949761
1389658806582398982
1389657710015270913
1389657512639672322
1389657080202678273
1389656829018480651
1389656643084902408
1389656516496662542
1389655518743080960
1389655422206894086
1389655402258780165
1389563881937383426
1389655271736184836
1389654856449892354
1389654803094061066
1389654759137849346
1389602226193289216
1389654475707719686
1389653866162049029
1389653654194491394
1389652247341150217
1389612569590181895
1389612559049891842
1389653070586552324
1389652880999784449
1389652799319859200
1389652793162489858
1389652745523765253
1389652171688456192
1389651816934256641
1389651094020689924
1389650412802744322
1389650322516332549
1389650165863264258
1389650097336688643
1389639472766140416
1389649056410923008
1389648681352237058
1389647534814076936
1389647400432803845
1389647178553954304
1389609153296015368
1389641016119005192
1389646883874906115
1389646204301049862
1389646041931210755
1389645890793742337
1389645710010851328
1389645222234181632
1389644838203797514
1389644789306601475
1389644462654169092
1389644027222441985
1389643701614374912
1389643253344083975
1389642803597172740
1389642212636610567
1389642081375858693
1389641789510926336
1389641035815571459
1389640730348490762
1389640580968374273
1389638164155863042
1389640241586360331
1389640155036782597
1389640033028743174
1389639836689072132
1389639779617103874
1389639387625963523
1389639292662607877
1389639252288417799
1389638609200877570
1389638474408599562
1389638398151958530
1389638282946904072
1389613546028244992
1389637929962594308
1389637894978088970
1389637808671891463
1389637587829248003
1389637040979984389
1389636977608339458
1389636874885599235
1389636383443197954
1389636103532019712
1389636022741336065
1389635829845344257
1389635742494859269
1389635739932143616
1389635650945695749
1389626797441130500
1389564927464120321
1389635472545128448
1389632275785129985
1389633563717472265
1389628566111981572
1389634079302225925
1389586046086795271
1389586466855170049
1389633856920248325
1389620510292652032
1389633224666755080
1389632856985591810
1389632688236204035
1389632609731366914
1389632419305725952
1389598681855406085
1389632263328051200
1389632130649632768
1389631830140280833
1389631671255937024
1389631330930110473
1389631073840156685
1389630895678754816
1389630611950907394
1389630607198769154
1389629994805071877
1389627186890477569
1389629974684921862
1389625349600948227
1389629832447811585
1389629834536656899
1389629680341372930
1389629410169573380
1389629370449285120
1389628638807609345
1389628447241166854
1389628269771722759
1389628231742066695
1389627816854102017
1389627758586777602
1389627333041168390
1389626426731728904
1389626044810940424
1389625737041301509
1389625368940892162
1389624875690643456
1389564217158684674
1389624674385018881
1389623694260064262
1389623680041426944
1389574590515617792
1389575226741112833
1389620605570404353
1389622565321183235
1389622509969027073
1389622357065621509
1389613976250630149
1389622341882335233
1389622055205842949
1389621760979607552
1389620331309056002
1389620033995743236
1389618544128765954
1389618675037126665
1389618195540049932
1389591439798153219
1389618092179968001
1389617307727638531
1389617022833725440
1389617021361528832
1389616627747012609
1389616500185706498
1389616349325008897
1389616247860613120
1389615963880968194
1389615583558254594
1389615511496011776
1389615332436893696
1389615118577803269
1389614975187095552
1389614668939993092
1389614525196947463
1389561783850053633
1389614426421145602
1389614102134333449
1389613925168304130
1389613831475785731
1389613624390569986
1389613422560653315
1389613261700599819
1389613182281469956
1389611856810106883
1389612927217401857
1389612782513950726
1389612633649778691
1389612368028635147
1389612243940253700
1389611196198887429
1389610980733227010
1389610306993893378
1389610022347345929
1389609560214810626
1389609425447555074
1389609337417568259
1389608915239784450
1389608338380320775
1389608277793718275
1389607693975916544
1389607551784923142
1389607096245800966
1389605828089585665
1389604939773657091
1389604525451796480
1389604521953869832
1389604465846726657
1389603440368697347
1389603386098659329
1389602878025764870
1389602776200753152
1389602657342472193
1389602564681895938
1389602141879275524
1389602054813851649
1389601894495043585
1389601613141188612
1389601308525596676
1389601295409967115
1389574123291041796
1389600542066974720
1389600018164768769
1389599925932023821
1389597772437991431
1389599716376293376
1389592157821063170
1389599403393101829
1389599203912036356
1389599074572247042
1389598999523512321
1389598741066395651
1389598460253335554
1389598445476909058
1389598056341938184
1389597977044520964
1389597704368672770
1389597662962388995
1389597389137223683
1389597102251126787
1389597030830551041
1389596863653990402
1389596708938584077
1389596546048667653
1389596281031610369
1389595911786016772
1389595792139300866
1389595135822995458
1389594394248970240
1389594232210563079
1389593982901133318
1389593961531011080
1389593722321506304
1389593215351808003
1389592951236538368
1389592925152190472
1389591897568649223
1389591780463718403
1389590871306297350
1389590101097910275
1389589602785185792
1389589583017431045
1389589451752497153
1389589254288855041
1389588577726652420
1389587970324303887
1389587866850840578
1389587708763197444
1389587342369886210
1389587181908410368
1389586074696048642
1389585791421198338
1389585454912126976
1389585229162164227
1389583908820426752
1389583455965569025
1389582490571001857
1389582318910812163
1389582306772402182
1389581998080020484
1389581801564164097
1389581671230488582
1389581576414052357
1389581406867804162
1389580993972027394
1389574850801455105
1389580566102691840
1389580086496698368
1389579833353674769
1389579589232513024
1389559744491364361
1389578108756500480
1389577935263313920
1389577914551783425
1389577035677319168
1389576813496741892
1389576761508306948
1389576671112597505
1389576581094559746
1389575504777269249
1389574967226994690
1389574864000933890
1389574740981940224
1389574473624477696
1389574431358525442
1389574167037628416
1389573911042531331
1389573920739807236
1389573710680674311
1389573193636192262
1389572334990864385
1389571961169252359
1389571833784160261
1389567577253416960
1389571816742690817
1389570819760795658
1389570496593895424
1389570360245379077
1389569864264732672
1389569401662361604
1389569260779888643
1389569218979500035
1389568797221302276
1389568577255129097
1389568543272931331
1389568382899564550
1389568181912616962
1389567785274118146
1389567406658437126
1389566946815868929
1389566639373524997
1389565991865131010
1389565534157615110
1389564857867984897
1389563728430051329
1389563171610968064
1389563124324261894
1389562405768814596
1389562275569172486
1389562142635008003
1389561767269916673
1389561761242681345
1389561380873846784
1389561317430898693
1389561309239332869
1389561168558235649
1389560823866068993
1389560613601488900
1389559557479936000
1389559205858738179
1389551343522795520
1389558705545523201
1389548748154589185
1389558076882227203
1389558012738633732
1389557984276238336
1389557496231104512
1389556262728253441
1389392324501856259
1389555896179638276
1389555794383933442
1389554966935789583
1389554789655089152
1389554374221893635
1389554054020403200
1389554024576335872
1389536930791055367
1389552880529596417
1389552439951515649
1389551821983715334
1389551555209277440
1389551532744613891
1389550995819147267
1389550226856415232
1389550204513361921
1389550186595225602
1389370049073336323
1389550080911417347
1389361516244357121
1389549620557238273
1389549041680273410
1389548506197671939
1389546822172127236
1389544654299963394
1389544329459511298
1389543574518308868
1389542046025801730
1389541966464028674
1389540916873072652
1389537080859144193
1389536587348910085
1389536561033842691
1389536401763491845
1389535495034712064
1389535332282945536
1389533853073674243
1389532883782717442
1389529928622919680
1389400418153816065
1389527390121078785
1389526636790431747
1389522448677212161
1389522168162172929
1389519393198157826
1389514616678539265
1389514196468092928
1389505308381249538
1389501827624865795
1389488470327009281
1389484646187085825
1389481748346675201
1389479628981559298
1389478205925433346
1389478095468388353
1389475205421096960
1389474795084034050
1389473189235986432
1389472679267291137
1389399115222732809
1389388850393456643
1389465818531045377
1389390054498488320
1389389186269073417
1389464387585339395
1389458383892320256
1389457924137930752
1389450202105405441
1389449869920768002
1389448858866966532
1389426649326817280
1389444760172122116
1389444214170144768
1389443850582650891
1389443116776804353
1389442045765472256
1389440144722194435
1389438290886074371
1389438061482762242
1389437664126926854
1389436933923774467
1389327579115569161
1389436375125139459
1389435172983017475
1389435134361878532
1389434475671703553
1389433681018826758
1389432956050083841
1389432152022999051
1389431008399876096
1389431436701224960
1389430596825276418
1389429989905477634
1389429572672819205
1389429894917001217
1389428910593544204
1389425360190812161
1389425239256444932
1389424754357161989
1389423883321856001
1389422964857319426
1389422519250296839
1389419260187926528
1389418862941282310
1389418502730272771
1389418387831406592
1389417625831215111
1389417525645955073
1389416337651363845
1389384659704836097
1389329013617790977
1389415658962800644
1389415478238531592
1389415273418170378
1389415190622580739
1389415133840089101
1389414543701520385
1389414503847272450
1389413415937056771
1389412934061678592
1389412799852449793
1389412466266939394
1389412309571936260
1389412150515539971
1389412125433544707
1389411577959522306
1389411075377057795
1389410915049746435
1389410799354097667
1389410699227639809
1389410285581225985
1389409920676626433
1389409778594729987
1389407580435324928
1389409689381703686
1389409111515803662
1389408646652735489
1389398109789294596
1389408556189892608
1389408005511393280
1389407816348323842
1389407115937255425
1389407063449669638
1389406316599418883
1389402513758199808
1389400248104235012
1389405001961910272
1389403920699645957
1389403428795916288
1389388231792283648
1389394255928496138
1389403219110006790
1389402333692452868
1389402275676921860
1389401277021532160
1389400709955784715
1389363922491297795
1389400614543761414
1389399985918259201
1389399745840435200
1389399290800443394
1389398827774402561
1389398694382882819
1389398052427943946
1389396774394204167
1389396453710303232
1389396269102161926
1389396047932313603
1389395159679393793
1389394720871227395
1389394569150832640
1389393614204190722
1389393396750508034
1389392999315091458
1389392951298740228
1389392502604668930
1389392476465680386
1389391956535545863
1389391721180585990
1389391632101875718
1389390975198453763
1389390890909700107
1389390799301976071
1389390659229003784
1389390094927286279
1389389431698706434
1389389396583993346
1389388622118285314
1389388514513625091
1389388327854518274
1389388190864318467
1389386669623848962
1389385259423346691
1389387649362939906
1389387315651485705
1389386997404344321
1389386994254483458
1389386387301019648
1389386149383258115
1389385925197713408
1389385922807046145
1389385422728568834
1389369597640445955
1389370801669951492
1389384662519189512
1389384196762779648
1389377661324173316
1389383760710225923
1389372424400027651
1389383703491665920
1389383016213065730
1389382806652997640
1389382493523128320
1389382324446539779
1389382279202582529
1389382071995584516
1389381972208783360
1389381904089112579
1389381694579425282
1389381164083912712
1389379895281790976
1389380970529366024
1389380257891995657
1389380059073556486
1389379765572882434
1389379625780924425
1389347748156162055
1389369636085436419
1389378144776462336
1389379057935077376
1389378473685364738
1389376845372612618
1389378122718535680
1389377616306704391
1389377554986029056
1389376218638790670
1389376123843321856
1389375974404468739
1389375823774470146
1389374970216816644
1389373874484170753
1389372947002011648
1389374871411564545
1389374294585655301
1389373795299958784
1389373723019517952
1389373699397128193
1389373638902747137
1389372593174679553
1389371978843410432
1389371974233772032
1389371949701283840
1389371713763348488
1389341485997432834
1389371408019562497
1389371047644995589
1389370412480569348
1389370330377072643
1389370244960067584
1389370078760738816
1389369906815242240
1389369739412135940
1389369553168347141
1389369065530089474
1389368914929504256
1389368871455428614
1389368330750943234
1389367860485627909
1389364886015250432
1389366984345899009
1389366589200420870
1389366083078049792
1389365953905975297
1389353823005822976
1389365504540872706
1389365393110835206
1389365192954363908
1389365072602877953
1389364703126818818
1389363840698261505
1389363565484814340
1389363323427299332
1389363203411488771
1389363066249297921
1389362943570194434
1389362942450167808
1389362322414706700
1389330813569933317
1389362238876696581
1389362213085982727
1389361518328782851
1389361452876713987
1389361278192345090
1389360602544476162
1389360181897744384
1389359400918343684
1389359171104018433
1389359058625482756
1389359052895969282
1389359042003406860
1389358993097863170
1389358841272340483
1389358912638496772
1389358793667096582
1389358645029359618
1389358622249992194
1389358162352947206
1389356452628897796
1389356392130174988
1389356324450824195
1389356249209257984
1389355671859105797
1389355488421289984
1389355248096002052
1389355189426171905
1389353848213577729
1389353808191500289
1389353752474406917
1389352464831418374
1389352397713993728
1389352237625843713
1389351908545024000
1389351111572738059
1389351085522006017
1389350049327370240
1389349592186163207
1389349514755153922
1389346691371909130
1389349239302590465
1389349200433922048
1389349052295393282
1389348784417636356
1389347427774251011
1389346750029250562
1389346710770565127
1389346025220055042
1389344010314129415
1389343555529887745
1389342940707885057
1389342751586615296
1389342224798846978
1389342186437808129
1389342168108634112
1389341589818855428
1389341013773279234
1389340914183811079
1389340910211698692
1389340815575691264
1389339835798900737
1389339683981864963
1389339568588181508
1389339495305187330
1389339444407377921
1389338772983144460
1389338254009372678
1389338203027542016
1389338022739591172
1389337662172106755
1389336847810121730
1389336792558497792
1389336701773000707
1389336602271485953
1389336538803105801
1389336499259252736
1389336437888372737
1389336167112454145
1389336131158827018
1389334052361097216
1389333974498033671
1389333942847873025
1389333700349943809
1389333450864353280
1389332670220406784
1389332286533951489
1389332211116171270
1389331959936012291
1389331898170753033
1389331680268365827
1389331652883755010
1389330746976915456
1389330674105073672
1389330649182478340
1389330203143557122
1389330023576973325
1389329981189148674
1389329746857709571
1389329744341176323
1389328612344672256
1389328457759432718
1389328032188583936
1389328025863426048
1389327602993799172
1389327582018080768
1389326820068237313
1389326623846150153
1389325690462511106
1389325286630514688
1389249822918545411
1389325260370190342
1389324641626333184
1389210602233602049
1389324167019778048
1389244808686882817
1389323635517763594
1389322530679312387
1389322447749529614
1389322138184822787
1389322118748278784
1389321931170648064
1389321887126282245
1389320715732615168
1389320461948002320
1389320343400103937
1389320278950432784
1389319405876744199
1389319364109914124
1389319349828210691
1389319228973535236
1389319152725237760
1389270239339335688
1389318705419591685
1389318580399919113
1389318119974440966
1389317250788827145
1389317109877035010
1389316824119001088
1389316360765849611
1389314020084228102
1389315957810728961
1389315540099899392
1389315072007229443
1389314958270283778
1389314616350576641
1389287928283631618
1389314218319519744
1389314153949564928
1389313794208378882
1389313712092160003
1389313594358177800
1389313247468212235
1389313171685576708
1389309948614610946
1389312990382596100
1389312811537477637
1389311702123024390
1389311273553342464
1389311252967563264
1389311223364259842
1389310833059115008
1389310637822599173
1389310248729591817
1389282822460936201
1389284604532641794
1389287672208842762
1389308208158806017
1389222534055354376
1389284819595669507
1389307753856897027
1389235203911135235
1389307473597800457
1389307434737545222
1389307208932888576
1389306647802175488
1389306324295450629
1389305920966991873
1389305791514042369
1389305626153603078
1389303479181656068
1389305315070464005
1389304882201604100
1389305197055422468
1389305154260905995
1389304981422059527
1389304939181187076
1389304836676542467
1389303965301583874
1389303906551930889
1389303793947488264
1389303672652369920
1389302939911659522
1389302826036170752
1389302671916609540
1389302087658491912
1389242050181218308
1389241390341701637
1389301703175024646
1389270195408093184
1389301500170575878
1389301490892918790
1389301408818737161
1389301287972388868
1389301248764129284
1389277324785356802
1389299801217544198
1389299756191473664
1389299252560551936
1389298971655475204
1389298867426975748
1389298603894747144
1389298403029495824
1389298104604708867
1389298103010922501
1389297859829243905
1389220791473123332
1389226287697379334
1389294633872773122
1389297188669476866
1389297014765203460
1389296857059405824
1389296748703715328
1389296571112624129
1389295552534306817
1389296223493017601
1389295787394359297
1389295744318951424
1389295690346647557
1389295122643365890
1389294869089247233
1389294867466145793
1389294735584604160
1389293665512742913
1389293607522381826
1389293396930531331
1389293377347334149
1389293048690061333
1389292877063376899
1389217841807777799
1389229887505027085
1389210080621514752
1389292498581921797
1389292237943619587
1389291528472993794
1389282919257149443
1389291213057007617
1389290927957630976
1389290568409403392
1389290857086558213
1389290503707914240
1389290034147254272
1389288443994312709
1389288305418772484
1389287396815118338
1389286987576844292
1389286984015831045
1389286955163205639
1389286706801745921
1389286430451535873
1389286355038052357
1389286092956962823
1389285954016448512
1389285757517500422
1389285713242374151
1389237655544778754
1389285113289138185
1389284766051094528
1389284451616710658
1389284337577775110
1389284189824897030
1389283640803307520
1389283566022918147
1389266962539192321
1389283257565339650
1389282897534803969
1389282251934994438
1389281913492357132
1389281510117806080
1389281348238680071
1389280896797356033
1389280724910448641
1389280250446684160
1389280122193256455
1389279529479426052
1389279157432066050
1389278177202167815
1389277728474546183
1389277693095682049
1389277655057330179
1389219804821655557
1389269044667109376
1389277618717999111
1389277439549796357
1389277421979963392
1389277391457947648
1389277374391455745
1389208259781869571
1389277241205481476
1389277119256072193
1389276919590440960
1389275628252323843
1389275302556176384
1389274890516123650
1389274695892017154
1389274420259147777
1389273998895337475
1389273016593387521
1389273714060009475
1389273544333406210
1389273539669286916
1389273426423058444
1389273293065232386
1389270811769511936
1389270772523352071
1389270444684025856
1389270399603576832
1389269936049098754
1389269843493462019
1389269480723861505
1389269072299261955
1389268909166051336
1389268554839625729
1389227709365211137
1389254233229336581
1389268519959859200
1389246505270321155
1389268270465916928
1389268097731792898
1389267765744214019
1389267742155476993
1389267255540682756
1389207161230831619
1389206524350930947
1389265836054024197
1389265118337323010
1389264727835033600
1389264112920711177
1389263674603282432
1389262566728290307
1389262183704502278
1389261976786767873
1389261555074744322
1389260901187047426
1389260217192521730
1389260121373659141
1389259958487748608
1389235389383299076
1389259730414092288
1389229064163151875
1389259724814798851
1389259153084923904
1389258840496132098
1389250852028915712
1389258731041460225
1389208981038587905
1389258569069907968
1389258439201808392
1389258336080646146
1389258022233464838
1389257246215966723
1389257162300461058
1389257042502823939
1389255770877878272
1389233689566097410
1389253986952286223
1389253967389986823
1389253460328173568
1389213534748385280
1389252538403282954
1389252392240156674
1389252287688814595
1389248129279696900
1389251889062109190
1389251857399402496
1389251201867386884
1389251017557041152
1389250459127386112
1389250174552313857
1389249878723809289
1389249848738734081
1389249722381070336
1389249486199853060
1389249339084705793
1389249231727304708
1389249232754946059
1389249233543483399
1389249028668465156
1389248856785924103
1389248546205995009
1389247989789626372
1389247048294277120
1389246996192575490
1389246843557711877
1389246603815489537
1389246436714352644
1389246232061689856
1389245763725766658
1389245675028762630
1389245308731809792
1389244514330624002
1389244111442546691
1389244088461918208
1389244056904081412
1389243933994233865
1389243770085036032
1389243649553321989
1389243315724431362
1389243289602297858
1389243133347733512
1389242609722445824
1389242534120067072
1389241903200280583
1389240569063518210
1389241415373398018
1389241353415143430
1389241316769505281
1389241106399997962
1389240705156063233
1389240652827877376
1389240516064260102
1389240190124937219
1389240138681647104
1389239918933721089
1389238810433699848
1389238633840906241
1389238123079643142
1389237968888602628
1389237812894085121
1389237760041488384
1389237357891702790
1389237320839278595
1389237080384020484
1389236649746309121
1389236117359185922
1389235946537771009
1389235558426234886
1389235430072147974
1389235379539267587
1389235363621736451
1389235309536239618
1389234750959796225
1389233242440716291
1389234741862338560
1389234379587792896
1389234308334989312
1389233729634177024
1389233467049881604
1389233076216156166
1389232702197571595
1389232238701711363
1389232161081937922
1389232125136748544
1389231677541601282
1389231396296798213
1389231339895869443
1389231199667752969
1389230942045319168
1389229899743891468
1389229877992304641
1389229692893503491
1389229658625957892
1389229547032301573
1389229484239466497
1389202822391115780
1389229196803706880
1389228914770423808
1389228107748495373
1389206223271124992
1389227935337492481
1389227865493880840
1389227635729960960
1389227580235165697
1389227376182235142
1389227273518202882
1389226604694540290
1389226459810701316
1389226164321988614
1389225890509373443
1389225437738455044
1389225050931351555
1389224934581342211
1389224339636166659
1389223929001172997
1389223860541722632
1389223377529982976
1389223199552983044
1389222858598096898
1389222821075750915
1389222790318931968
1389222474429120514
1389222223047704577
1389222129418358787
1389221489711398918
1389219240234921988
1389221471063531527
1389221372040261636
1389220787152990209
1389220752503738373
1389220685281697792
1389220444335714309
1389220098850820097
1389219998556585985
1389205409546739713
1389219861025468418
1389219795346894852
1389219655986909189
1389219538219196417
1389219289157230606
1389218835232874498
1389218289872744453
1389218072381198340
1389217818378326018
1389217666276208647
1389217191602507777
1389216781370265602
1389216752173817865
1389216636792500225
1389215940202610690
1389214965731577865
1389214678539145225
1389214588881805313
1389214562155732999
1389213949359501313
1389213623101308931
1389213458869202949
1389213407094591494
1389208484063944707
1389201984121618438
1389213259660726281
1389213132028063747
1389212663192903681
1389212542447280131
1389212270304104451
1389211883979345923
1389211653363875846
1389210524089454599
1389209870101012483
1389208874155220993
1389208846590038016
1389208634555609089
1389208454246682631
1389207745568681987
1389207148270432264
1389206965696487425
1389206074746626049
1389205898179010560
1389205190100803584
1389205037314838533
1389204260399816705
1389204141650726920
1389203737609183237
1389203726439788545
1389202496942399491
1389201703870910464
1388933485537202180
1389201591601930242
1389201490506653706
1389012578014273538
1389201060544253954
1389200132558790658
1389199713891725312
1389199429119488002
1389184543673012230
1389198445152509956
1389198260376641540
1389197875444256773
1389197863347916801
1389197192435539971
1389197144020508676
1389196467479486466
1389194741586223109
1389195616807424000
1389181027734720512
1389195128800047105
1389194842501259265
1389194240287252480
1389194055247085574
1389193094139158532
1389193095212843009
1389193092482412546
1389193021984477185
1389192974521749506
1389192412690620417
1389192345707556867
1389192167512551428
1389180809224114176
1389191489289326595
1389191401125158914
1389191352764731396
1389190687380418567
1389189821462196225
1389189368699662338
1389188843216191488
1389188689079664644
1389186432447569930
1389186239580999683
1389185669638017032
1389185669453451264
1389185632203902979
1389185446538792961
1389185271552434176
1389184400148078595
1389184238172483587
1389184141472718850
1389168853314326530
1389020482096312321
1389169967761854467
1389027404597788674
1389183735032160258
1389183236362878981
1389183104976310276
1389183015813885954
1389182708098772995
1389181932685172736
1389040944683655171
1389180973934333953
1389180385611948036
1389179819368361984
1389179557790588933
1389062378017406983
1389178188950016003
1389177900105076746
1389177125698166789
1389177104546377732
1389176418928447488
1389174023150620672
1389172876595503106
1389172597699403776
1389171745555427331
1389171004975452163
1389170132858015744
1389169569210806275
1389168755721134082
1389167629018046465
1389166355824484352
1389165136708050951
1389161065435607040
1389160526840799237
1389157687527677955
1389153729639862274
1389140385767829506
1389126941886791683
1389119779412353029
1389023664872599554
1389105913793892356
1389104361670946818
1389101589898534913
1388978771076784129
1388975840386588674
1389101130957926402
1389100733971288065
1389100349361905664
1389053016981004288
1389100050144546816
1389099914936860674
1389093190976688130
1389091286095998976
1389090738990895106
1389088053583654912
1389087522060439555
1389084608533311490
1389081292961062920
1389077529970069504
1389077349547843585
1389076884475031557
1389076377110974465
1389075826583425027
1389073189624549376
1389072323647467523
1389071824374403076
1389048402797858824
1389071343925276676
1389069620351483904
1389066807500152837
1389064900190916625
1389064565183369220
1389063981831233541
1389062756096225280
1389061271891349505
1389060723561705474
1389059804660908034
1389059138039304194
1389058890646622210
1389056905977516035
1389056097244360706
1389055999231791104
1389055317426778112
1389053863576092673
1388999546890489860
1389052601203822594
1388934818948337668
1389051736267108352
1389051629157031936
1389011922754969601
1389049920284413953
1389041973462458370
1389042955995029504
1389049625768824835
1389049530839089160
1389047208226476033
1389048725729853442
1389047567066009602
1389047045210525696
1389046754876743684
1389046598672412674
1389045431607435265
1389044745377251328
1389044717678219270
1389044376689598465
1389043624021794818
1389043595445891072
1389042885824286722
1389041558796832770
1389041429406752777
1389040933023404034
1389040851737788423
1389038281539661827
1389036821829533697
1389035225762643969
1389033712952750081
1389033040169611268
1389032431022268421
1389027851177914372
1389032410587746309
1389032249467756546
1389018631045005312
1389031248199356417
1389030964387590146
1389029724522000386
1389029589356269571
1389027334678892544
1389026514369486848
1389024469801447426
1389023843042353153
1389022897944076289
1389021967576150018
1389021476657971202
1389020776796360708
1389018614108467201
1389018402790989824
1389016079389835264
1389016060494589953
1389015815467507712
1389015267125121024
1389014292503138309
1389013241536319495
1389011190412611589
1389009826705854464
1389003904193605633
1389003488773001222
1388999350974550017
1388999129930534918
1388996724950241282
1388995914568699908
1388994104420405252
1388993488130387969
1388992274588184585
1388989842286067718
1388989241682767880
1388986203517632515
1388984947025797122
1388984812183212038
1388984676191248387
1388982864138620928
1388981744834068484
1388981564931981316
1388981063754657801
1388980718643171334
1388980542645981185
1388979683203637249
1388979521857142787
1388979066502537220
1388975051584778244
1388975009935339522
1388974952045481986
1388974849935089665
1388970341960146947
1388974383507509249
1388974380898729985
1388973732945973253
1388973016202219525
1388971947053264896
1388971610015682575
1388971588276600833
1388971239306375169
1388970449296580613
1388970073159831552
1388969716354490370
1388967428827189248
1388967396539576327
1388966117884968967
1388963176134365185
1388962749183574019
1388961373284089856
1388960742586470400
1388960387836620801
1388960024752443395
1388959254627946500
1388958372674801664
1388957794800324611
1388957689737318400
1388957439559618561
1388957270634020871
1388953893988618241
1388953276348047366
1388947754756489222
1388946681022930944
1388945343543382020
1388945320948678664
1388944446180544512
1388943764748742658
1388943505087729664
1388943336485138432
1388942184146161672
1388942064352649223
1388941467503120384
1388941173780213760
1388941173344149504
1388926404771856385
1388941045799469059
1388940473507536900
1388939799227162630
1388939718121992194
1388939655832227842
1388937625940152322
1388937298905997312
1388935892438560770
1388935294011940864
1388935269362044928
1388935136855658498
1388934978990481423
1388933282591436802
1388933036352356352
1388931746675187714
1388931746171920384
1388931359184404487
1388930387087220739
1388930239179501568
1388929719219933186
1388928085475610630
1388927607610253317
1388927585648660483
1388927567403569152
1388927515192963072
1388925907935526913
1388925847265026054
1388925748828852226
1388925583262994436
1388925057502695424
1388924784491237378
1388924659069079552
1388924008964317184
1388923355928145923
1388922689562320896
1388922684591984645
1388922563900870656
1388922408762060800
1388921344113401864
