1391789529309327362
1391788232673800193
1391787705047134213
1391763642841018378
1391761200690630657
1391747194227679234
1391739553023660033
1391738593702469636
1391730109841870854
1391727001816506368
1391725978968367105
1391708127431741440
1391704174484762628
1391692377635627009
1391656422300012544
1391593694755704835
1391586976109891584
1391583176187908098
1391577768387825665
1391575796318445571
1391560372319145994
1391543063806365699
1391540752807833602
1391484587373649923
1391482832879501314
1391404924018249729
1391391590585937921
1391379259558699012
1391364072352911361
1391363669183934465
1391205780171411456
1391204727963242496
1391203012018937858
1391190024704638978
1391187056097849345
1391138096301936645
1391136603721158664
1391101462529384449
1391134407940005892
1391132175328845836
1391115672030269441
1391098267954466822
1391079519860232197
1391072984417411080
1391072466295050244
1391053798777446400
1391052235065503754
1391049724044759040
1391047260692262914
1391045685433274375
1391044257285349384
1391043563622961152
1391042102486839300
1391040832522891269
1391039465209143296
1391036563178594313
1391032220194848773
1391031162773164039
1391025909654773761
