1391794920105590785
1391794882042286080
1391741284621209607
1391794876367396868
1391794835439472645
1391794801973071872
1391794758138408961
1391794746545291264
1391794745018617860
1391794694196187137
1391794693126594563
1391564410125123584
1391670485449019402
1391712390387884035
1391774544885551105
1391749012311613443
1391772668064452609
1391794686642298886
1391794634523828231
1391794512905781248
1391716531344642050
1391717176114089984
1391794476545368072
1391756800333160448
1391794461865398276
1391794445859893249
1391794440587579399
1391794375412396039
1391794370832183300
1391786268703535108
1391789715397955586
1391794333540569094
1391794249574752261
1391794246559191043
1391721587200733190
1391786281273802759
1391714398868230147
1391760176064176139
1391794224983588864
1391794188321280002
1391794057752481801
1391790440194592768
1391794037435166725
1391790849738952704
1391793978861920261
1391793966241226753
1391793840319778823
1391791098792710149
1391770839004192774
1391782084205858817
1391776855334785026
1391589075694596101
1391770834482696198
1391793830832316421
1391791094426447874
1391776850511384578
1391782079889825792
1391589071043055616
1391793824155021313
1391793811119034376
1391793796497686530
1391793706399899654
1391784477672853509
1391793622392131588
1391793612887834627
1391793453483311111
1391793445371621376
1391793439545647105
1391743895722209280
1391716552735657984
1391740321470558213
1391775679079911426
1391763143735582721
1391718954981367810
1391750055598641152
1391793427323527168
1391790067585269763
1391741936109867009
1391793420130205696
1391793266555854853
1391723662819069953
1391793072997011462
1391793260834738185
1391755402874867716
1391793260008546312
1391793144799313921
1391793066919534601
1391765633809981443
1391793062423171074
1391793050582671366
1391793020073385984
1391792893430534156
1391792966990184448
1391792932118835202
1391792759351222275
1391634618445615111
1391792910690144256
1391570722473009154
1391792893950631940
1391767017963806720
1391792878532321287
1391725530752421888
1391658488766607360
1391792871255199749
1391792730985074690
1391792719031324675
1391612222728675331
1391719559380434946
1391727241327833094
1391792671727915009
1391792598373871618
1391782413861367820
1391792573837189120
1391792513955074049
1391792485094002688
1391758767910526977
1391792365589958658
1391792293355696138
1391792226443960323
1391792218281762818
1391792202909634563
1391792150510292993
1391792146974482443
1391773166247231489
1391792133154213888
1391753108242542595
1391762057951956994
1391792116553207811
1391791906796019714
1391569252038160392
1391791855239585794
1391565282703990786
1391746481204436994
1391791798150959106
1391791703472885764
1391791598246273031
1391791546379522053
1391791507619811328
1391791415127068675
1391791157517209604
1391791120795848707
1391791100944396291
1391791057713643525
1391790989644337154
1391790918274064385
1391790730079870984
1391790691374751745
1391790666263445510
1391790653042987017
1391790617945063424
1391790484645982217
1391790441805266949
1391790417058877441
1391790392249573384
1391790326608707589
1391790308996825090
1391775058511679488
1391757768185483267
1391759965988208643
1391749271729356803
1391744856301637635
1391686953674833920
1391714650056761352
1391729755322560514
1391743136913891330
1391790159784464390
1391790133158891525
1391790100959440899
1391790098983768064
1391790057313366016
1391790009242488834
1391756063003787264
1391774857675911171
1391725945048940552
1391789991450263557
1391759816901763075
1391572321140453385
1391789977818869763
1391789585974366213
1391789923104169985
1391789876694200323
1391789800324206593
1391789709874106375
1391789662876966922
1391789659429253120
1391789529309327362
1391789494106529795
1391789473193766914
1391789448057266181
1391789370328367105
1391789358060089344
1391789338770477056
1391789321359925252
1391789247443742720
1391789237717114882
1391789222676271110
1391789173544308742
1391692651762790400
1391763205731594240
1391710945513295877
1391789171405172738
1391777817256333320
1391789119571775490
1391785833146032136
1391789062424510467
1391788781636833282
1391709417079443458
1391789028333129728
1391788905796603908
1391776074074402822
1391788904957763588
1391788901522681865
1391788876629434369
1391788874511360004
1391788723369566209
1391788700187734024
1391788698413502465
1391788529223704576
1391788518456823812
1391788484579430404
1391721091069059072
1391788466275557376
1391788415205711874
1391788232673800193
1391788104348995587
1391787904821731328
1391572922599239680
1391572854907424775
1391787878737457152
1391787872257183746
1391563702378373120
1391787858214612996
1391787833698959360
1391787779718324226
1391787747459878912
1391787705047134213
1391787615087644675
1391787513585442816
1391558249455910922
1391787512335568904
1391759540354437126
1391787461899079685
1391787363479785474
1391787332660047872
1391787331154231300
1391787303174123521
1391621236027842560
1391787296391786500
1391787244965486593
1391787202892517383
1391787196110233600
1391787188212412416
1391787187600072710
1391787158244057093
1391787150216138758
1391787047418011650
1391786988873912322
1391786974898442241
1391785784101965824
1391786971098398728
1391786148691853312
1391786900759977984
1391786862633705475
1391786857210523653
1391786806987870208
1391786679749459970
1391786632219664384
1391786616616890370
1391786467794554883
1391786449700376576
1391786321790869504
1391786159530024961
1391786105100513281
1391785624869523458
1391782585089544193
1391786018584633350
1391785964557774849
1391785886753464321
1391590854964531200
1391785808470986756
1391785694415265799
1391785664329437187
1391785640786808834
1391785579260436485
1391785450755473409
1391785421361885184
1391785397294927877
1391747637838327812
1391785313740197893
1391785308166004743
1391777267366383618
1391785303229218817
1391785297697034242
1391785284757426181
1391785266084470784
1391785222761435138
1391785153379414018
1391785119678095361
1391785092691996674
1391785083586154496
1391785041827598337
1391785039365615624
1391784934377984002
1391784924689190913
1391784749275009025
1391784726965403650
1391772716890566659
1391784618131697666
1391784559964999684
1391784503690022913
1391784484035514374
1391784396793946112
1391784305458917389
1391784263339716609
1391784132875890693
1391779592915111939
1391784066530349059
1391784052907257858
1391784039028305929
1391783880756240384
1391574455126745091
1391777629460705285
1391783864016703493
1391783854420250625
1391769077140672520
1391783854327963656
1391773833611333634
1391783849718394884
1391783714544398341
1391783403654053890
1391783387569004546
1391783104608604168
1391782908285837317
1391782878384730114
1391782824974422020
1391782807047966727
1391782749711839239
1391782673086095363
1391782668849737731
1391782656078135303
1391782591725031425
1391782573244915713
1391782474322173957
1391782461064065027
1391782423243931653
1391782417401368587
1391782317002199043
1391782234571431937
1391782015305981953
1391611946848432128
1391591330623729664
1391782002806956033
1391781891292999684
1391780890435596293
1391781873504899074
1391776726808662028
1391781836863455232
1391781807163596801
1391758324685840385
1391593981260320771
1391781785290387458
1391781770304106497
1391781727408902144
1391781663248723968
1391781618608652293
1391781420016734216
1391781416317427712
1391781410571161600
1391781386860826633
1391781378191241222
1391781325863100421
1391781317453430789
1391781199719321600
1391780934274457603
1391780921066536960
1391780881371648002
1391780870655291392
1391780852540100610
1391780771594125316
1391780751394410499
1391763075687124993
1391780692997070850
1391780582921752581
1391780578526220290
1391744410480693250
1391720828048392193
1391780508112203778
1391780452986458114
1391780419201286157
1391780298300477441
1391780252825833472
1391780219359428608
1391764489360474114
1391780219288096768
1391747352382291976
1391780176602796038
1391779931001171971
1391779842606223361
1391779842501263365
1391779834389401605
1391779821458530316
1391708098335760387
1391779771994959880
1391779516725485570
1391779486916620296
1391779451894124544
1391779431891587076
1391779412480245761
1391779408848031745
1391779344784281606
1391779290170241028
1391779220137914370
1391779148264259587
1391779129104736259
1391779084275965960
1391751274983424004
1391779056245485568
1391743803552374785
1391729937036587014
1391614223457849345
1391778922753318913
1391778910124318723
1391778903098806272
1391778844701515777
1391778841291546632
1391778812464189443
1391778713197445120
1391778642888380417
1391778558180220929
1391778556884226054
1391778467126067200
1391778457873420288
1391778378823487491
1391583486025342976
1391718729143226369
1391778365833715716
1391778330437955584
1391778060156948480
1391777837590405126
1391777836231544834
1391777782204669955
1391777755419725824
1391777743251992576
1391777724465876998
1391777698809143296
1391709604208250881
1391777632644182028
1391777631465529344
1391777619633442817
1391777597055459331
1391777563983372293
1391777552700743682
1391777521436434434
1391777271921397761
1391777201247244288
1391777081508433926
1391776952478961667
1391776856127414282
1391776803769962496
1391776742256353281
1391776656000487427
1391776654922498050
1391776365758791682
1391776349879214084
1391776277166710786
1391775725846413314
1391775920055361538
1391775449068576769
1391775725955522568
1391775947142144006
1391776196560625669
1391776063504543748
1391730887759331329
1391776044257058817
1391775918725730307
1391775820348329984
1391775801968840710
1391775770876469250
1391775574742421504
1391775566685163526
1391775463035572235
1391775439794831360
1391775144721408001
1391775109078306817
1391775102711189508
1391775070121496582
1391775018300887042
1391774783419961348
1391774673369763841
1391774564607201284
1391774562879262726
1391774562539409411
1391746642257321985
1391774555899932672
1391774399649533958
1391774341998780418
1391774316019261447
1391774315201372169
1391774307999682568
1391774305642598405
1391774173681360899
1391774056094093313
1391773975286624256
1391773884748283905
1391773862342311936
1391773827626119174
1391563153373286409
1391773808730722306
1391773774907904000
1391773704074534912
1391773590241136645
1391713219396390914
1391773369616457733
1391773305150005249
1391773304688713731
1391773238913642499
1391742338352009217
1391579405680582658
1391773111574487045
1391773077026050048
1391773053999370248
1391772808926072835
1391772773656170498
1391772760897097731
1391772507796131842
1391772450258624515
1391771925345718277
1391772349842837505
1391756679541366785
1391772342381121537
1391772305878093824
1391772274177495044
1391772202673049603
1391772088155971596
1391772042261893120
1391771760618614789
1391771740494352387
1391771471060537348
1391771385312186371
1391771354299523072
1391771350981828614
1391771293075353602
1391743402266570752
1391739893622181893
1391771193544425472
1391739580420923398
1391771185852125189
1391771117946294278
1391771071813099524
1391771013931753472
1391770993392328704
1391770847782871045
1391770727116910598
1391770652454100993
1391770593331138561
1391770468236025865
1391770332864913411
1391770276229169152
1391770257833046018
1391716899122290689
1391770235347247111
1391770180536176644
1391723964024516608
1391770145010327553
1391770105227350021
1391770056267292677
1391770042681995267
1391770038739390464
1391754922270629889
1391770021614047233
1391769662573142020
1391769572760559618
1391769507706855432
1391769502015180801
1391715531737141253
1391769432205180928
1391769327850901506
1391769319361683467
1391769243889266693
1391769130336980992
1391769090520408069
1391769002649718788
1391768996949725189
1391768901848027140
1391768742393176064
1391745922732806146
1391768734210134022
1391768733547442177
1391768492391739393
1391768360396890116
1391767783248039937
1391753647415980037
1391768343460331528
1391768090304786435
1391768025120993283
1391767991054970884
1391767983543005184
1391767893969309709
1391766575448051716
1391767654944415746
1391767527588519943
1391767379265220610
1391767303176470538
1391767141066711048
1391767029145812992
1391766989069246468
1391753271048642565
1391766830839123970
1391609749859405824
1391766822106566662
1391766812929531906
1391766680288759816
1391703067146563588
1391766648617582592
1391723472355737601
1391766495609475075
1391717030437531648
1391766484481937410
1391766340369854468
1391766307922759691
1391766241317171201
1391766110693961737
1391765660020183040
1391765657176485891
1391765539740168196
1391765525596884993
1391765452209197063
1391713713665806338
1391765279143772160
1391765218116751363
1391765121681149954
1391764970547949572
1391764968186519556
1391764965896323073
1391764895322890240
1391764894010290180
1391764751210975237
1391764585460404228
1391764513582690309
1391764508306247682
1391764503621210121
1391764389997563904
1391697264255582208
1391764148716019716
1391763916938690564
1391763894184681475
1391760354280083459
1391730644049346560
1391763835879526404
1391725382387240964
1391763710763364356
1391763642841018378
1391763614583898118
1391763284425064453
1391763271699636224
1391763125687439372
1391762757259771905
1391762954740248577
1391714922807971840
1391763230368821250
1391763183367606274
1391762983915823105
1391762833440903169
1391762776385802240
1391762575478624259
1391762521225187332
1391762516657774594
1391762470914588675
1391762413356163074
1391762350328401922
1391762203947188226
1391762083352653829
1391762022640062466
1391761886778208256
1391761650311733250
1391761603918540806
1391761574298279937
1391761573534908417
1391761549082177538
1391761480584990724
1391761402864365569
1391761200690630657
1391761064438738945
1391760983002075136
1391760939301605379
1391742953832554501
1391760873954414595
1391760846678904838
1391760739015217153
1391750343520923650
1391760694337495041
1391760646686089218
1391760486098669571
1391760306796380164
1391760295434067969
1391760182439550979
1391760171186245632
1391760022170972165
1391706362036592648
1391759968060256257
1391759944257572869
1391759944182022147
1391759670046609411
1391759453238800387
1391759403850866703
1391759390542290945
1391759360800481280
1391759313706917893
1391759237181812738
1391759100598423566
1391759084446224388
1391759075629617153
1391759056172376069
1391759050581450757
1391758954192048134
1391705872427110402
1391708921019211777
1391758931366645762
1391758692194738183
1391758630542843908
1391758601316978688
1391751125083336706
1391746907043778561
1391701756762001414
1391758422723416069
1391758356436725768
1391758032695177221
1391758008892407811
1391757920724000769
1391757865791131651
1391757735738359811
1391757654561853446
1391757633258917888
1391757618117369858
1391757473862803458
1391757470998089729
1391757465646161922
1391757362432823304
1391757356313321473
1391757262562201602
1391576671904571394
1391757255624777728
1391580248064593921
1391752470737588225
1391578151030071304
1391757217418948608
1391756902250516481
1391756778606563338
1391733165232959494
1391730848861495296
1391756589334470659
1391756745630879750
1391756521848115201
1391756479384936449
1391756472426577924
1391756314406264837
1391756072801628161
1391755812977225738
1391725521105469444
1391585714630967299
1391755812691906566
1391755794866180102
1391755774469214217
1391755718508830727
1391755638959755269
1391755638775197699
1391755581413724164
1391755544881475589
1391755481388097536
1391755408004485122
1391755361699385346
1391755305621598213
1391755208297009153
1391755182892015624
1391755170338443270
1391634330653503490
1391755018701877251
1391754962909138947
1391754939244810240
1391754762673180675
1391754675783979015
1391754479876329474
1391754477577834500
1391714634571333635
1391754340126404613
1391754402365677569
1391754359386656771
1391754279887704066
1391754198744768517
1391655843821654016
1391754187487260676
1391754160895365123
1391753943265415171
1391753893428801537
1391753628956905473
1391753598833463301
1391753372504629251
1391753310374400001
1391753204115857413
1391753016705912838
1391752927627333637
1391752926742388737
1391752925928636417
1391752896157556737
1391752777689300994
1391752647351410688
1391752520998002693
1391752468187471873
1391752460608278531
1391752296586006531
1391752192361701379
1391752152511565826
1391717851715747842
1391751980796743691
1391751950543249408
1391751934713995265
1391751661530529795
1391751628114567169
1391751119148363780
1391751562041700357
1391751511856852995
1391751490646249475
1391751208306610177
1391751147241840641
1391751146969124866
1391747786555674629
1391751088253009929
1391750903233875980
1391748505518043140
1391750885731143684
1391750784694489095
1391750762682847236
1391750581631557634
1391750580666724352
1391750555052163072
1391750538132393984
1391750472642568193
1391750428061229060
1391750416984018952
1391750405953003520
1391702948351156228
1391750395710656513
1391750385187000321
1391750185718587403
1391750072791150601
1391749739604062215
1391573851021070340
1391749646628708352
1391749446896025605
1391748810502705154
1391749368101867521
1391737759317073921
1391579793401987072
1391580223519477760
1391580422073634817
1391580608590225411
1391749205245546497
1391713226493157379
1391580975960838144
1391748903935033351
1391730676639145987
1391738732525629440
1391748866396106755
1391748781767540737
1391748637730934788
1391748598967291906
1391627461926875137
1391659032989995008
1391748524245540866
1391748515424993282
1391748487113498630
1391748398139822081
1391748127888224264
1391748098796490755
1391748091024400386
1391748053024051209
1391748050712989696
1391746231022534658
1391748040386613256
1391724475339714562
1391747999483764744
1391747959117787137
1391747938729275393
1391747880000442368
1391747693538652162
1391747520506761221
1391747491511488516
1391747459274223617
1391747194227679234
1391747147285078024
1391747130117742594
1391747127844515840
1391747077466644484
1391747002669572099
1391746990581690374
1391746970931195909
1391746817264599040
1391746806988607488
1391746734716489729
1391746519192252416
1391746391911849987
1391746342549168132
1391746318205394951
1391746245698494466
1391746102085488640
1391712293268992002
1391746101028474883
1391746070334541830
1391746021907222528
1391745872090832896
1391745771960156163
1391745664376348673
1391745589876912130
1391745335979094020
1391745318757142536
1391745297248882691
1391745162955542529
1391744865604603910
1391744683508969474
1391744312296235010
1391743944048918531
1391743899018928128
1391743814893809669
1391743811181850625
1391743796220731397
1391743793762865165
1391743791082704897
1391743788700381186
1391743783465799682
1391743751790505984
1391743741564755972
1391572043729031173
1391743664859148290
1391743628658290704
1391743611121938433
1391743596349456390
1391743496357306377
1391743475679481861
1391743475188703238
1391738580930859010
1391743351385362436
1391743243348500481
1391743168794742784
1391742915383373824
1391742905249841153
1391742876481097728
1391742813952487424
1391742804712312835
1391742722139119619
1391586981017178112
1391742713452802050
1391742643747450884
1391742536583196684
1391742428143570946
1391742332173787139
1391742268919455747
1391742258928656391
1391742229245464580
1391742225462202370
1391742149524443137
1391742147137769474
1391741856317329412
1391741841356296200
1391741838789337092
1391741705875906568
1391741663974989825
1391741655632551936
1391741616554225666
1391741561675784195
1391741411138048008
1391741326429982727
1391741323670065152
1391709555193753600
1391741235707121666
1391741126797897732
1391741087992057865
1391741069038137355
1391741051107520513
1391740973470867458
1391740939799040004
1391740733476982786
1391729715090755584
1391700508625313792
1391740583958519808
1391712494910050307
1391740555382689792
1391740547593867264
1391727202203443207
1391740299626512386
1391740296975749121
1391740262347595778
1391740162116395010
1391740109440135171
1391740072064688129
1391740038615011336
1391740016666320902
1391739926018940933
1391739831290576901
1391739810373685249
1391739557096402951
1391739553023660033
1391739516986306560
1391739503279214597
1391739227113730049
1391733473526927368
1391739195459309569
1391738992190705665
1391738593702469636
1391728922576969732
1391738515503861765
1391738441310916610
1391738428719521793
1391738243486523394
1391738190579572737
1391738111823126529
1391738080470573058
1391737999726153729
1391737967027363847
1391737641478115330
1391737510678646789
1391737385029881858
1391737335612588033
1391737294277824518
1391737008440152073
1391736994313687040
1391736869491200010
1391736769796886530
1391736769301946370
1391736594609156099
1391736538522849281
1391736481455251462
1391736373456130051
1391736326165307395
1391736214500352007
1391736071352950788
1391736025488236544
1391693016411295746
1391735564857225225
1391735510431899650
1391735404622135297
1391735375350140930
1391735294085394439
1391734830426116097
1391734788604768258
1391734767041892352
1391734541069455362
1391734403026595840
1391734394587602946
1391641380900978688
1391734315923513344
1391734231458586625
1391734138529529857
1391733990265135110
1391733954768773120
1391733881687056389
1391733753102413831
1391733696982552576
1391733692436029442
1391733617316012037
1391733577243664384
1391733524533764097
1391733517189582851
1391733380878852102
1391733259319513089
1391733224603275266
1391733105250164736
1391727697819279363
1391733037080236035
1391724012418605056
1391732957296029703
1391732953214980098
1391732930884603904
1391732930767097861
1391732720640868352
1391732706124390402
1391732657516687364
1391732639996973059
1391732538629107713
1391732204397547520
1391732077545021444
1391731491869179905
1391731419970523140
1391731307596685315
1391731278488162308
1391731266110828544
1391731050930479105
1391731030499991552
1391730237034012674
1391730109841870854
1391730100467605505
1391729783504089091
1391729758413725696
1391709682633433090
1391729627673075718
1391729620567924738
1391729616868585472
1391729410122866688
1391729301582716929
1391729111471697920
1391728987697778690
1391691991092707331
1391728898354909188
1391728834408550400
1391728630498308101
1391728522419376128
1391728480174448640
1391728398112804864
1391728371944525826
1391728226238713858
1391728198799568901
1391728163839954946
1391728009871306753
1391727814404153346
1391727765683150849
1391727592558841856
1391727234579406848
1391727217068150785
1391727137292525570
1391727116232839170
1391727083546624001
1391727001816506368
1391726788083081218
1391726743577403392
1391726713839788035
1391726660114857984
1391723460708216832
1391726649360670724
1391726645225132032
1391726641748103168
1391726150699917313
1391726508440539136
1391726460340248577
1391726084463411207
1391726080722100225
1391722633369210881
1391726020785442816
1391726007191842818
1391725978968367105
1391725740312469508
1391725507746492427
1391725319149735937
1391725118771060743
1391725098013396997
1391710518776266755
1391695316538126340
1391695298502688770
1391725095643598858
1391725088437846016
1391724978471677958
1391724898721181698
1391696496173756418
1391724787454590978
1391724728004616205
1391724709654372354
1391724484655296520
1391724419244969990
1391724378270928896
1391724327440207872
1391724297690009601
1391724261417553922
1391724147164786691
1391724141015932931
1391723812044091396
1391723415841689602
1391723342491648000
1391723205174472705
1391722960856178689
1391722841171767303
1391564921444392960
1391722818505740289
1391722696858349572
1391722398169370624
1391722152760590336
1391722019528523777
1391721949257158656
1391721947260653571
1391721930382876674
1391721927660785671
1391721680637030401
1391721493512470530
1391721481575542794
1391721358950871045
1391721294702551040
1391720835749236737
1391720693776019457
1391720661308121099
1391720439173484544
1391720291173294081
1391720273720881154
1391720176161280006
1391720060369227776
1391720034943315970
1391719990156464128
1391719969126293505
1391719965477294081
1391719931427819520
1391719893180030976
1391719724644458498
1391713940015566851
1391719709884702722
1391719603760472064
1391719494058393602
1391719470188711941
1391719449338777604
1391719350571307008
1391719256350416897
1391719220891856897
1391719183243698176
1391719168941170689
1391719027811172358
1391719016696360961
1391718653377318916
1391718458052730882
1391718353769750530
1391718249998467072
1391718003583197186
1391717933072584705
1391717832602365958
1391697023066382339
1391696219819454468
1391717644215197700
1391697082868719618
1391717619271716864
1391700285173678080
1391700130051629059
1391700267104710658
1391717548165537798
1391717522878222338
1391716757275136006
1391717458130710529
1391717399267880961
1391717191754690562
1391717152290312193
1391717141880049674
1391717091787558912
1391716907712229377
1391716737851215873
1391716310724321281
1391716096663822341
1391715979030409217
1391715918779019266
1391715846695829510
1391715766534246401
1391715531607220228
1391714827886862337
1391714661817589761
1391714521153249282
1391714491822448640
1391714147545518082
1391713918196887552
1391713746872066051
1391713544501186560
1391564786719072258
1391713394542055425
1391713393157894145
1391669623448227841
1391713260966141952
1391713011073683458
1391712947995619329
1391712908254580740
1391712740708859909
1391688411677925377
1391712579425390592
1391559536624996362
1391711117572022273
1391712528519114754
1391712493408604160
1391712395630809088
1391712289598976004
1391712210972561410
1391712202923589635
1391712087697657856
1391712071688015874
1391712020119031808
1391711887579099139
1391711819782402048
1391711818956034048
1391711586792976388
1391677230984704003
1391711197033115648
1391710921400201216
1391710612804313101
1391710417366433792
1391710391273668609
1391710346486878215
1391710227972640773
1391710052403212291
1391709653495689218
1391709605013516295
1391709600928473090
1391709465787998208
1391709430643761153
1391709359529410561
1391709105400786949
1391709072995622912
1391708828169801728
1391708342897283075
1391602061113012229
1391708342502969347
1391708251075526665
1391708130451591170
1391708127431741440
1391707478367379459
1391707137605242882
1391707057854853120
1391706936400306176
1391706776463097858
1391706691654270978
1391706355661033472
1391706085325787139
1391705846946615297
1391687991073153028
1391704639058370561
1391704404097703936
1391704344567980032
1391704317921570823
1391704293443522561
1391704174484762628
1391703831684255746
1391703821169082368
1391703803846668288
1391703449738285059
1391703380800819203
1391703201875955712
1391703029301325827
1391702948409872385
1391584410663677953
1391702055010639875
1391702003718426632
1391701797643902976
1391701450821144579
1391701425160433665
1391701382311432194
1391701367702630408
1391699975466209282
1391699589162536965
1391699556375486467
1391698715807715328
1391693360033894404
1391698276370419714
1391697670717194242
1391697238582255621
1391697095464194055
1391696943588466688
1391696751061516295
1391696543439335424
1391696517069672448
1391696406268858368
1391696332247617537
1391696178849456128
1391695982648246272
1391695527218225158
1391695525926277121
1391695370804211712
1391695327107948545
1391695234887729157
1391695005123850244
1391694650327502854
1391694541787484161
1391694540889804801
1391603926298939395
1391694418378375168
1391694391518146569
1391694387239964674
1391693458700709891
1391693438589022210
1391693110573518850
1391692506228744195
1391692377635627009
1391692214984609801
1391690648919683074
1391690637754437633
1391689596157710336
1391689331232890888
1391687762978410496
1391687614168764420
1391687213579227137
1391687047635685377
1391680895837429764
1391686957412065285
1391671861327577089
1391685946744135683
1391685801138823169
1391685013046022145
1391684810402304005
1391684511201640450
1391684285543895043
1391682829260632066
1391682419217076224
1391681918870171652
1391679804584300547
1391679649336410114
1391679403034390528
1391678914192363521
1391678563997388803
1391676782877700097
1391676406682116104
1391649330176696322
1391675831609610242
1391671943221452803
1391675660242935808
1391675314741432321
1391674261350215682
1391672450077888512
1391671852066553860
1391671511937847297
1391671258987773954
1391670615979876359
1391670467816300545
1391670576989806595
1391670380180426758
1391669825496354818
1391669321680658435
1391669275497205764
1391668109162029057
1391668105756164099
1391668104808345601
1391667970322145284
1391667621096005632
1391662647045722113
1391622558064197632
1391662568721244162
1391658068832837632
1391662190789226499
1391660605044674564
1391661330525048833
1391661325256908806
1391660957819080704
1391660954111315968
1391660681880088577
1391660262986498050
1391613407082827776
1391659186287697920
1391658911841755137
1391658911418118147
1391658758900703234
1391658540591321097
1391657513968447493
1391656422300012544
1391656278217297924
1391655598853431296
1391655058362732546
1391654054976237569
1391652724421300225
1391651035203047425
1391650645623681025
1391649820922814466
1391649766463913984
1391649204628385795
1391644169832177666
1391567509648773122
1391641248641994758
1391640501007392769
1391638165786664960
1391636640792125444
1391635753818492929
1391634291436707841
1391634125266771974
1391632206410391558
1391630364410589187
1391629925086601226
1391628960878895106
1391628306643046413
1391625535789441024
1391625802362597378
1391624565051183104
1391623396144816129
1391622938894417920
1391623071916773376
1391622706085388290
1391622778663706626
1391621639897456641
1391619856051675139
1391619811415711744
1391618054522540033
1391617742961315841
1391617703530598401
1391617422814294017
1391617284586631169
1391616393662115842
1391592209766572038
1391614058110103552
1391615493765836801
1391597274602643457
1391595602585206784
1391597587992662017
1391604698067709952
1391614393964797952
1391612965770731520
1391611198668349459
1391611094611886085
1391610777187012608
1391609577754423298
1391609490106093570
1391609201252732931
1391609177139724291
1391609012576260097
1391608697990926337
1391608575701577728
1391608458080919552
1391608451516801026
1391573687770492934
1391608444247965698
1391607667987202048
1391606476624519169
1391605844261974017
1391606437332332544
1391606262404628480
1391606245476511744
1391606068849958912
1391605758547030016
1391605649335848964
1391605588975624193
1391605577998995461
1391605548789886979
1391605375930011648
1391605279582736386
1391605022237106176
1391604915496263680
1391604161402359808
1391603995660242950
1391601972428500995
1391600931498725380
1391599892087386112
1391599819291078657
1391599537773502464
1391598848162807810
1391598347748790278
1391597891446362113
1391597399018119168
1391597343376556032
1391596498698264581
1391596660418039814
1391596485725364225
1391596189456519171
1391568998840643592
1391581474693042178
1391578692497838085
1391596156573175817
1391595596864131075
1391595477548904448
1391594054392160261
1391595245868142592
1391595026665250816
1391594845328879619
1391594307895836675
1391593694755704835
1391593438919892994
1391593290080866308
1391592942532538368
1391592748159995905
1391592607545966597
1391577730123288579
1391587539094540293
1391580256474107906
1391592526457487361
1391581753618350081
1391592255471984640
1391590735959314432
1391590630565072899
1391590566253715459
1391590491339243526
1391590425098608642
1391590491297394694
1391589831214501891
1391589587580039174
1391589185488703489
1391587741809332225
1391588898971729929
1391587360123543559
1391588805656858625
1391588430488899588
1391588397475667973
1391587711333539840
1391587405124317185
1391587298500829188
1391587213767495681
1391587075925839872
1391586976109891584
1391586185911406600
1391585736697257987
1391585653910032387
1391585294219087873
1391584971022737408
1391584917189009416
1391584558836035586
1391584486790365184
1391584368645320705
1391584308993921039
1391572130253389824
1391580968184602626
1391584093821935619
1391583865018404870
1391583427946848259
1391583320039907328
1391583176187908098
1391577768387825665
1391582770049298440
1391582733864902657
1391582286282432514
1391581839454838787
1391571250552598533
1391581745665900546
1391580728643698690
1391580516445528069
1391579594231193603
1391578717537845251
1391577788042424329
1391577529329274880
1391576874837442564
1391576852242649090
1391576737889333250
1391576187198222342
1391576172216078337
1391576108924129280
1391575992586555393
1391575824428584962
1391575796318445571
1391575369799634947
1391575329345581058
1391574852180627457
1391574494817439748
1391573889164222465
1391573826429980673
1391573711174520833
1391573518727385097
1391573287918993410
1391573139776212993
1391572580327432193
1391572352970878978
1391571998074097668
1391571279598260231
1391571270035197956
1391570312089702404
1391570011643277315
1391569937022476294
1391569801357713416
1391569598848323586
1391569491671330818
1391569192151887874
1391568983141224449
1391568785346281482
1391568777276387328
1391568649941622784
1391568644119879682
1391568292448555015
1391568609441423371
1391568565111869442
1391568484224618508
1391568346152321031
1391568425500172291
1391568258294325252
1391567494704472065
1391567915334393858
1391567574572359682
1391567680084250632
1391568237964382208
1391567287300329474
1391568214920998912
1391567866986647553
1391567723201581056
1391567400219336712
1391566906646220801
1391566667373858818
1391566212354637826
1391566211813629957
1391565948973420547
1391565666457640961
1391565533208776706
1391565153393590275
1391565016843931651
1391564782721851395
1391564707664904200
1391564096462536707
1391564035401961479
1391563724989861889
1391563614662930435
1391563539354116098
1391563102014132229
1391563032355037188
1391562775080669186
1391562144836096004
1391561521164083201
1391561481863503880
1391561306050899974
1391561094427254789
1391560989070569475
1391560372319145994
1391560291557728259
1391559759371771910
1391559278889213962
1391558757331521536
1391558719192895488
1391558609033629697
1391558585125990401
1391558500447367172
1391558311204556800
1391557771833733124
1391557726577348610
1391557630338928641
1391557630338928641
1391278556395749377
1391092436261277696
1391557403544543233
1391557340072013827
1391557138485497856
1391038438779011073
1391556982797176842
1391556722775535624
1391435861762482182
1391556437491453955
1391074188744605698
1391556426892513280
1391556028974653443
1391555968811601921
1391555911244713995
1391082918035005443
1391472887102574592
1391555836187758592
1391555030696828928
1391554766904467456
1391554486359965706
1391553787043667969
1391554584791879684
1391553485229932551
1391554324992507906
1391554235347652612
1391086043995181058
1391085930547658752
1391553661764055044
1391250298052751367
1391508834393395202
1391508779896872964
1391553761823318018
1391553525780520960
1391553192291340299
1391553134623875075
1391552771128578051
1391062661941497857
1391552373911429125
1391510509355249666
1391552158034808834
1391551863267409920
1391551714931662850
1391445330068230148
1391022638450057217
1391551632941408258
1391033272252121090
1391551455434321922
1391128570441859075
1391551356943540226
1391468232704364545
1391090743503065093
1391551339293970435
1391551331429621760
1391551097144324102
1391550647699390467
1391550607643791361
1391550044785061894
1391550022869716992
1391058922140745728
1391544336119173120
1391549685081403395
1391046755005784069
1391549506882265089
1391509847309488135
1391148849578848262
1391549119836139523
1391548943084015617
1391548240953217028
1391548151228686337
1391191722986774531
1391081490650370048
1391258158731984898
1391544297858682888
1391060665037643781
1391548071327195148
1391548045033156608
1391016245969965058
1391547643369828352
1391547568266649601
1391433222601515012
1391153686190202885
1391035137102594052
1391325270230007808
1391184225940934657
1391547554131845125
1391450931493998595
1391035132702830592
1391547549736112131
1391184221629210626
1391433217933299722
1391325259354181632
1391450926691520515
1391153681412857857
1391547180213850113
1391167196714446848
1391547171430977536
1391546768266080266
1391546602913943560
1391030891409969154
1391546558177501185
1391514031396204550
1391049923093741569
1391037308581908483
1391444930367823882
1391525460706840576
1391546557170962433
1391447668606611457
1391546072846245891
1391352570619248641
1391352267098501121
1391354910529183744
1391545768020951040
1390998578932457475
1391026070460194821
1391232943587213313
1391545481432551424
1390977560654274560
1391233327315787779
1391545105752985600
1391545054100086790
1391002934134063104
1391545031526391809
1391410710723313665
1391544710188224512
1391003154381254660
1390992792562937867
1391035542121373697
1391544683797618691
1391544429215948801
1391544014776774662
1391033401143087106
1391050852731871234
1391543640074461184
1391430462371860487
1391543630460899329
1391203970933166082
1391120854193422340
1391241640594001927
1391543605106446337
1391483194655051776
1391543571245850628
1391044235978149891
1391543517118287877
1391496966266253313
1391113176788340737
1391520862524739590
1391543512731058180
1391052779095937027
1391128277100634115
1391543492984426497
1391543468611325955
1391543462391160833
1391543269885157384
1391543244790456323
1391543162678693888
1391543133146656771
1391039760903323651
1391543122749005828
1391543063806365699
1391542824752009222
1391030798699180034
1391014124100874242
1391542726265425920
1391542650034139138
1391031091738275848
1391542567519408131
1391004474206998533
1391542555679002630
1391542513006112775
1391542499710283776
1391542475291037698
1391040720509849601
1391542442755825665
1391056391717195777
1391112528667742214
1391542425051611139
1391542401974652935
1391542359960207368
1391542343904501761
1391542311855824896
1391542192439693314
1391364679293751296
1391542110759784450
1391542055189495808
1391542025904918534
1390998347415183360
1391038717658378242
1391541264802369542
1391537988966965254
1391029395805118469
1391022543222546436
1391178744686018560
1391541253796335619
1391540969498087426
1391060102828990464
1391540752807833602
1391540350171422720
1390972254394195968
1391540240695894018
1391062412829372424
1391539949049090049
1391189805480960004
1391140629955162123
1391034174295916544
1391539893483024385
1391194980887240708
1391539775455338498
1391539769939726336
1391539321996419075
1391114939113345027
1391538330932760579
1391058949152002052
1391490930327183360
1391021084112134151
1391118220136837122
1391527168715345922
1391447269757521921
1391248071225344004
1391538244177649664
1391403487750148098
1391537542466572289
1391537457636597762
1391525058661687296
1391010436183519235
1391537066920587265
1391536781741498370
1391536748262432771
1391536704373366785
1391171902463434754
1391536677861085185
1391381239215558656
1391536626661199877
1391536140398776324
1391536019791618052
1391535999575023621
1391535901399044099
1391462634734727168
1391535872022040580
1391535582514491392
1391221162517188609
1391040284415377412
1391046515515400196
1391534993160249348
1391082002607116292
1391054078608822277
1391534808472428548
1391534782719217669
1391534775433826306
1391534561721561089
1391440271662010368
1391534400899268608
1391100625539194885
1391534297706860558
1391533374330834946
1391533202074972163
1391169562779938816
1391532339742744578
1391532312991518727
1391169063410233345
1391531824317276167
1391486900037251072
1391040843520233477
1391531819246309376
1391531142155673601
1391530622460383233
1391530605075079168
1391530530672451584
1391530347293298702
1391192785701703687
1391189053165522946
1391443921419464710
1391530170729783297
1391529886091776014
1391529456439754754
1391529074028339202
1391528511756816386
1391528417758167045
1391528406853029896
1391528047099056131
1391527212650803204
1391526458171006979
1391526455847358465
1391458325594787842
1391526403745665028
1391240903222775810
1391526333444984835
1391526170970234888
1391526137034063873
1391525859622801410
1391041960945782791
1391072807610691586
1391491754801696771
1391046396606914560
1390899015215161345
1391065197759115278
1391057750852001797
1391525723073138691
1391250281028112385
1391140672233779204
1391525378360070144
1390996012534276096
1390996078791626758
1391525346055491595
1391525079264251905
1391012348023001089
1391191735590608904
1391524162204803073
1391524125584277506
1391220934028275717
1391523952787345411
1391523693059317762
1391523571969708039
1391208597108011008
1391375739015028736
1391523175733862400
1391523052748480512
1391455080902189056
1391523051590856705
1391248829199142912
1390892841271009282
1391494328388829191
1391522844367106048
1391522766747176962
1391522650753671170
1391049989162364930
1391522380011368451
1391522281583693824
1391521877307367426
1389597992160833539
1391521844205924355
1391132901631201288
1391521784395149318
1391140431568773121
1391473625304285185
1391103656330731526
1391521642824802304
1391521631214862340
1391521597757009921
1391006292408508417
1391521503146037249
1391006900486037505
1391521252632842243
1391521181296168962
1391009963250704385
1391223311972151296
1391520919894511621
1391117302783950855
1391116118710960131
1391020630376599552
1391520770497654784
1391520400866267139
1391519316718366724
1391519124606656519
1391004996225966087
1391518850546552834
1391065284392464385
1391518391459008516
1391518156041170945
1391457048886497283
1391441997467107330
1391064509859733508
1391518106284027907
1391052788717670404
1391028382419230725
1391518011295678464
1391517868278403072
1391063801894686730
1391517523070304257
1391517087512686594
1391517045863321603
1391184730456875010
1391516649807884294
1391516290666405890
1391516187591274500
1391516069454618626
1391135465353449472
1391127645421772801
1391515913527103488
1391515754294620165
1391515660790992897
1390884819094151170
1391515462710738944
1390884737623920643
1391428015779815424
1391443879539343363
1391145537517228038
1391515219160043520
1391440345192300552
1391515131520200705
1391091818524299265
1391253932081565697
1391515118928867332
1391515088545275905
1391514965211705348
1391514951320281090
1391514722097373199
1391080895361208325
1391081967454728203
1391513964794851333
1391514212036403200
1391453468754337792
1391513971367288839
1391513896838696960
1391445826799607813
1391440830834089990
1391001681450708992
1391513596010680323
1391513469506179078
1391444743528206337
1391126018769887234
1391513325247238149
1391002337368449028
1391439337317752834
1391513062084075526
1391001449006575616
1391512879036256262
1391061287891881984
1391512773167833097
1391393703361761285
1391504429443059716
1391084160991772673
1391511429606412288
1391511397859831814
1391511278338940930
1391402049355620358
1391147925296746496
1391511062734725121
1391510470704697346
1391510042881544193
1391390704111390720
1391509788249448451
1391509056444116992
1391508310952718343
1389968073097162754
1389238612395429888
1390672696275607552
1391507920135806978
1391507264679383040
1391182253582082050
1391145635852689411
1391040426874974212
1391506421796253697
1391092459539738625
1391402667226849282
1391506317207130116
1391010216729354241
1391506029838487556
1391505474558730241
1391505180697432071
1391075152096542722
1391504873745747970
1391504642484408320
1391503131888996352
1391502629461757957
1391502126623248386
1391501630265192450
1391211095545638912
1391501254757478401
1391316277478625282
1391501012331114496
1391500923030188035
1391408570541936641
1391479999987961872
1391478900258217986
1391500894349451269
1391408587990241289
1391063089370615812
1391408582810378246
1391278283870949378
1391500575527690240
1391500238712721410
1391499120595116039
1391499095844528134
1391498669598416900
1391449657621024769
1391215273663946754
1391036136034873351
1391498329339596802
1391103216427933698
1391498285765079047
1391083024809402372
1391498055850070018
1391497677393780738
1391086359046148097
1391497361302634496
1391496506272792578
1391496023978258435
1391168831616438273
1391495832009052162
1391494962760519683
1391494784938819588
1391120778935033856
1391494452284465164
1391493435631230976
1391063708831465481
1391493155384664065
1391492822981820417
1391492794489921537
1391491675265146889
1391490833673826308
1391019664160051200
1391166470877589506
1391016632277929986
1391039341942689793
1391426793035415560
1391362453066371076
1391490731219591168
1391145667691786240
1391230408579338243
1391102155575209989
1391294732861648899
1391490702782173194
1391490659656347650
1391489943692742656
1391489117352042498
1391488656737775617
1391231133438906369
1391488622063407113
1391425704450039811
1391114383133184002
1391078394666835968
1391488471102066702
1391176591938670597
1391488146098073607
1391488139517206530
1391488068398587905
1391487617385041920
1391053919703416839
1391486799386750980
1391486667836493831
1391441598530027520
1391486274171674627
1391485918628892675
1391485547219234818
1391060175516209155
1391485314573783041
1391484994141540356
1391484587373649923
1391483921947406337
1391483287613411328
1391019688377868290
1391483264087597061
1391332275778990080
1391211484970201089
1391482832879501314
1391482720895832072
1391482452590399492
1391482220565733380
1391482049333186560
1391482013903900675
1391482010053582856
1391451652499156995
1391481646017359883
1391028685055172613
1391481307289456642
1391096587426750464
1391480835048722434
1391370964538208256
1391373305005871104
1391480506680758277
1391434048535359490
1391479482662281217
1391434048875098117
1391479478442893312
1391479335333343240
1391479292043927554
1391478834088890380
1391387474237304836
1391477000427118592
1391114986966056960
1391476529973141509
1391129033136541696
1391476022944616448
1391475559914422279
1391474812233691137
1391434632705499136
1391464460401971202
1391452788039766017
1391473593595441154
1391473969707077639
1391473845169573890
1391473696166932483
1391473353291096064
1391473173980405767
1391473099443515397
1391473045496340484
1391472309454712832
1391109314564198405
1391471501929504775
1391471358979166208
1391051967955279873
1391470697235587072
1391470505870438406
1391470211547680771
1391470201250664449
1391470026390130692
1391469839135477761
1391080631531053056
1391469513737076739
1391469318999789569
1391469311110299648
1391468893147910146
1391122337462947842
1390893432403550210
1391120335769063428
1391104728633909251
1390885619883196419
1390919076218814469
1391039665914978305
1391064703678488578
1391034224250134529
1391468271925223424
1391468013480726539
1391101028108488706
1391413830593531905
1391467914809774083
1391466930649718785
1391465681011429378
1391465529970499593
1391464942675668993
1391464942663000068
1391464937617297412
1391464925986443264
1391464877630398472
1391464875264815119
1391464875243749381
1391464858051399685
1391464857921327114
1391464793933033472
1391463700314431500
1391463676822032384
1391463564733386752
1391463260235255809
1391462754020642820
1391462583874510849
1391461584921415685
1391461343799173125
1391067863826509827
1391460750179274753
1391460528095170567
1391460444905385986
1391460419710115845
1391460272397717506
1391459701355859971
1391459432463323141
1391458838793138178
1391164767448993797
1391457951987159052
1391457784651141120
1391457516563820544
1391456689149337602
1391456209501179905
1391441066214281216
1391456144036614149
1391455757489557514
1391002315432341509
1391454998098231298
1391440017155706882
1391454347427471362
1391453421648195586
1391452680732676102
1391452358878564357
1391088430382297093
1391451868816097280
1391451771986448384
1391451089539682308
1391450320576815104
1391020337903534085
1391449294037602313
1391448964118028290
1391448381776711684
1391447926266687489
1391447932025462784
1391447774860914693
1391447641595293699
1391446796912693248
1391446663168937984
1391445512516259840
1391425629183168512
1391445131228852226
1391445025561661444
1391444723416539136
1391444148344004609
1391443671762063360
1391055810923417606
1391443160564264960
1391443082558722051
1391443020155953154
1391442596317339652
1391440255371382787
1391052236470489089
1391439729992810497
1391099936062717962
1391439080672612362
1391438993422704643
1391438869132873735
1391423731730366471
1391438831438663684
1391438097976631299
1391437883697999873
1391284795892813824
1391437828840730626
1391347265927843849
1391181267157331968
1391437810947825674
1391347215696863235
1391437394336010246
1391094946170540035
1391393599611445251
1391437382973538307
1391099916508975112
1391330358629740545
1391436766448656387
1391073684643663872
1391436577222500354
1391436511074263045
1391435846914617346
1391435573957701632
1391089936565161985
1391080060736741379
1391434750536175623
1391434322956193799
1391433485559152648
1391433428965330947
1391067648465588224
1391433249352830979
1391432359220711424
1391431700673187843
1391431671497506816
1391431476059820035
1391431176980676610
1391430885350772736
1391430522044362754
1391430503488794634
1391430262685241352
1391430262613889030
1391429227254321154
1391429206484062209
1391428823531544576
1391428781085102085
1391428299230961665
1391427816130969602
1391427133789118469
1391427118148456452
1391427114063310850
1391426995725164549
1391426940263964672
1391080652901175297
1391426801981870087
1391426571076988931
1391426174681821187
1391045764831404036
1391425970213687296
1391425857013514240
1391425591241580553
1391425582034980872
1391046721157926919
1391425464011476994
1391062895681839114
1391425138860642306
1391080097935814660
1391423862726746112
1391422977883836417
1391422713848373251
1391422708190269441
1391422456242581507
1391421967043940352
1391421130443984905
1391420948272799744
1391420872204775425
1391420190680698883
1391420173341634565
1391419724995694596
1391419116523859971
1391418875888144401
1390986298098335745
1391418838944817154
1391418612800446464
1391417411807625220
1391016031058006017
1391416798755672069
1391416426599223299
1391414894474444809
1391042325326045184
1391415723952590852
1391045508630724608
1391415425230123010
1391414649082499077
1391414183414087685
1391413938777206785
1391195105709772800
1391413393458794496
1391413344058421248
1391413233769197570
1391413202471247872
1391050587161178118
1391412664736260096
1391412409286500354
1391412402671992836
1391411814798397440
1391411705733914625
1391411357426364418
1391411252191191045
1391411225708441600
1391410661444362250
1391175227728613378
1391410285542510597
1391035871252656130
1391410184308903940
1391410134845378561
1391409446736310282
1391409356818767875
1391408761068158980
1391408433484734468
1391123522592804864
1391408406523629569
1391234479851638790
1391408399573602311
1391408374537981953
1391010781060337665
1391199533883871232
1391103876846206977
1391408334583091203
1391407739235094532
1391407471344893953
1391193668401475585
1391407168864362497
1391407006272016385
1391406108602949635
1391405858052087815
1391405702799937542
1391404924018249729
1391404489668714500
1391404044200157188
1391403719535759364
1391402581730148360
1391072133569204224
1391072833187483651
1391344235903954944
1391004225396695046
1391402404852248580
1391138236785889282
1391402319082934278
1391401679879344131
1391400491888828421
1391050774063456267
1391400461236801538
1391400459466809353
1391400357218164737
1391400267686551560
1391400062878683139
1391114414036643844
1391399936239886346
1391399822138224641
1391399809681068045
1391399756472201217
1391399517434568705
1391399219076927488
1391399128140324864
1391398826305626114
1391398816214040578
1391398546243457024
1391398472914403333
1391102641225281536
1391398098686128134
1391397592387530766
1391117763364724743
1391114505896304640
1391051339694690307
1391397381598502912
1391396730667782151
1391396730214748163
1391396096950276098
1391395793194598408
1391395277941219330
1391394402120183809
1391393874468298757
1391393773414924291
1391393423052001287
1391393179203555336
1391393077516984324
1391030974956331010
1391393027630014465
1391392899695263746
1391392801506594819
1391031911955456006
1391037695762239493
1391392513391476736
1391392056715747331
1391391590585937921
1391390649409228802
1391093503925624835
1391390257556467716
1391390145362923522
1391390074525339649
1391389758048423936
1391389729531342852
1391389486022602755
1391218435393196032
1391389388903534596
1391389367927812101
1391389278974918659
1391387068044124163
1391386626820132864
1391386351103262723
1391386325304037382
1391385919157059584
1391385801188052997
1391385577992376324
1391385402594975746
1391385398383894532
1391385206842605571
1391384865300430855
1391093251621408769
1391384736262770690
1391384101773533186
1391384078595809280
1391383471386398722
1391382927485947906
1391382800411111425
1391382787664588800
1391382445287780355
1391382073513062407
1391381936430538752
1391381722051264512
1391035101694369797
1391381604325539843
1391380968427167748
1391380964241256452
1391380468143099907
1391380335615750147
1391380275930836992
1391380078739824644
1391379259558699012
1391379105044631554
1391379071729242122
1391378971359596545
1391378949041803266
1391378265491886084
1391113201668997122
1391376641369251840
1391376606908854279
1391374166348247043
1391373961901051907
1391373462019743745
1391373353915756546
1391372774199922690
1391372399606747136
1391042636962832390
1391371625191325705
1391371498351378433
1391371407980965891
1391370769138081792
1391027931250561024
1391370612313047041
1391370415201738752
1391370354099163137
1391370124351971330
1391369863130664963
1391369333729681413
1391369044960456709
1391366517045047297
1391368756992135171
1391368667695394819
1391366609344897029
1391368669175889925
1391368113615220738
1391367907976876032
1391367230181494785
1391367116201340929
1391366915604484103
1391366663287853059
1391366478834831361
1391366439492276225
1391065123951767559
1391366238752829446
1391365615433232385
1391365461959401475
1391355858072838147
1391364917672955911
1391364858210312193
1391364760801792000
1391364223293329412
1391364072352911361
1391363995202768900
1391363952282685446
1391363802684342272
1391363669183934465
1391363442297085952
1391363427503771649
1391363425700306946
1391363357018632200
1391363318049300483
1391361318414868480
1391363087559692292
1391362829148692482
1391110551670083588
1391362550344916994
1391362387517792265
1391362319003832320
1391148041562824705
1391093571139227652
1391360821620449287
1390894997549899778
1391091801130377218
1391112187268059138
1390898522531106821
1390907455803072515
1391089919724965893
1391108199210799105
1391360711075540993
1391360491549691905
1391359785505787908
1391358593048342529
1391358466518884352
1391357941849153538
1391358172124880898
1391357872383184897
1391357526415925248
1391356538338648064
1391356494327816195
1391154422772903936
1391154677820149760
1391355327807897601
1391354964233052163
1391213881310203908
1391354760553504770
1391214269304393732
1391214293991952388
1391178884750643203
1391353944161542148
1391353810694647809
1391353078838857730
1391350995578413056
1391350793643728899
1391349842362896392
1391013428291059716
1391349757017198592
1391349701275000833
1391349124264599552
1391348786354663425
1391348098010583045
1391347433788030976
1390889431209545730
1390974132662251520
1391345947045736448
1391343843442782211
1391343403699515393
1391342268645249026
1391341726648897538
1391340209875439617
1391020925361983490
1391339872833712129
1391339806672699397
1391338139835371523
1389523031450587136
1391336252734119941
1391335791280918528
1391332653899595776
1391332114898071552
1391331444384059393
1391331008650350595
1391071262223515652
1391330989511790592
1391328084469686273
1391327139232890881
1391326516731158529
1391326286430326785
1391039383575334918
1391318095986262021
1391324597342015492
1391323326514089986
1391323151930253313
1391322214931345409
1391322162687090692
1391321352628473861
1391318589601374208
1391317970039738373
1391215768583426054
1391317597413683202
1391317062996434944
1391314718351036419
1391313627605463045
1391309491573075969
1391294069800906754
1391309076668239873
1391308932086382594
1391307961855664129
1391305596268388355
1391304947325575173
1391300535458926596
1391297219974897664
1391296990592606208
1391296961710628864
1391296950927040515
1391295964053397504
1391295732993470465
1391294951334547456
1391087488349917184
1391098986266759173
1391099009608167424
1391294926424576000
1391294017225302023
1391293751432159242
1391293176221216768
1391292173568598019
1391292110712700935
1391291167573221376
1391289014964166657
1391288672549490688
1391288630606499841
1391288568111374337
1391288398036574210
1391086196290424834
1391288000315895809
1391287622492991488
1391287240626786304
1391286039583526912
1391061150301925381
1391285961196244993
1391283488616235010
1391282167347441667
1391281803122651140
1391030169981313025
1391155985562193920
1391281246970523649
1391067184227569665
1391280877968183297
1391279545462902785
1391278726382505984
1391278341940989953
1391275462417129472
1391273157613408256
1391272136426364928
1391071260868755456
1391070640812302344
1391271715674677248
1391072881669464064
1391045670493204480
1391270457148592129
1391267247113469957
1391266290480857090
1391265940751347712
1391265217867309056
1391264101343526915
1391263837018484740
1391263197928337408
1391263004075839488
1391262963160424451
1391262779147898882
1391262765071802368
1391262523928756224
1391185013979373568
1391261652977283073
1391260630200508416
1391258575255719939
1391257636914569216
1391257256700923905
1391256127065702401
1391079810420682754
1391255846059925504
1391044293750579206
1391255555801587714
1391255488021549056
1391252973049847811
1391252606111174656
1391252100533923842
1391251727144345603
1391251488932974593
1391251398742876165
1391080070584877058
1391250609865732096
1391250278666719235
1391249650892615681
1391249066189901825
1391143446941818880
1391247370097102850
1391247290363432962
1391247044363407361
1391246851022721028
1391246349106966528
1391245459969253378
1391244404816498692
1391244355298594821
1391243899897729025
1391243645244821504
1391243256134914048
1391241145296900096
1391242919428825089
1391242722992922628
1391242657884557318
1391241866868297732
1391241745246138370
1391241570549182465
1391241270719401986
1391240543024259077
1391025983268868098
1391240361574555651
1391065860815704066
1391240239243354115
1391133734506799105
1391239926772076544
1391239578623913986
1391238177705299969
1391238367032004610
1391237899425886209
1391237848569991175
1391237723445288962
1391237646924587020
1391236832948543488
1391236202976747525
1391130420348030976
1391236496795996163
1391235264287174660
1391037917087285249
1391235072884346880
1391234406917066752
1391234202671239170
1391147362282786819
1391233972542353409
1391233792334045186
1391232863274639363
1391034496674242570
1391232548131463168
1391231963403538434
1391231844675248130
1391231734495203336
1391231656137211909
1391231310178439170
1391028100260143105
1391231003717472256
1391032770315571200
1391230877976367104
1391230758912765952
1391044657161900032
1391229883733397506
1391229820466520074
1391229659946393601
1391229491318386688
1391102876169162757
1391229145292709889
1391229097670492160
1391227802100318208
1391152466499186689
1391227677076504576
1391152318020784136
1391226606400704512
1391226161334820864
1391226114782158848
1391225644021846016
1391224237717921794
1391223915968565256
1391223011991199744
1391222636836007938
1391222441221963777
1391101193183809540
1391192075098632193
1391222346451759108
1391221950878416900
1391221360752476162
1391221140748595201
1391220942005735427
1391220403675320326
1391219894880923649
1391219706183524355
1391218733046243333
1391218345421283337
1391218278027071490
1391217658885033988
1391217024832000007
1391216857831690240
1391216268104118274
1391216155491282945
1391215708030312448
1391214988577189891
1391214868540370944
1391213730076168192
1391213199601586180
1391213180651773957
1391211944523206661
1391211787882741762
1391211749479784451
1391211569179201537
1391211472248770560
1391211443937234944
1391211188365799424
1391210572591505410
1391192837094576130
1391210156264984578
1391210015382511616
1391209677292199941
1391209292737417222
1391208997676531712
1391209117969227780
1391209071605387267
1391208819745869825
1391208789135683591
1391208436147408903
1391208341125451779
1391208195977216000
1391207763926306820
1391207451983290368
1391206906279104515
1391205907229511683
1391205780171411456
1391205734982066178
1391205581013258242
1391205529633046529
1391205528399978496
1391205317325766659
1391006841753190403
1391205235994071053
1391204945953755140
1391203776229429250
1391204794887462913
1391204766538244102
1391204727963242496
1391204483175051264
1391204067293151233
1391203772370726914
1391203682797113346
1391203235839553537
1391203012018937858
1391202445456510981
1391202222927663104
1391201531857444865
1391201216156377091
1391200904561319939
1391200889369550848
1391200854552707073
1391200625199919104
1391198658473889793
1391198465959546882
1391198086563864580
1391198077344796672
1391197871639121923
1391197813007020034
1391197660795785217
1391197173325381633
1391197221467607043
1391197114277916677
1391196759272173571
1391196502366687232
1391196408007598085
1391196233428000768
1391195907614547968
1391195354369040384
1391130756790067203
1391195309863104512
1391195120796684293
1391064889574232065
1391194803874975746
1391194799139606528
1391194438559432704
1391194275677888514
1391193332643241986
1391193302217629696
1391193034696667138
1391192942400974858
1391192941784412168
1391192540657893376
1391192487000256512
1391192204044083203
1391103729982640136
1391192191020720134
1391192068853280775
1391192046636044290
1391191837130506240
1391191739332009987
1391190079431974916
1391190024704638978
1391189973206962184
1391189936846643203
1391189674870382594
1391189595900026880
1391189299044003843
1391189187941081089
1391189178944262149
1391188752282828805
1391188681227132933
1391188672763121668
1391188604936810496
1391188376523448325
1391187640226099202
1391187546810593283
1391187137828032515
1391187056097849345
1391187037718470658
1391186945162817538
1391186921183973385
1391186898022854656
1391186860869816322
1391186775037595648
1391186543650369536
1391186401874546690
1391186034650669057
1391185540767232002
1391184930152058882
1391184919032958983
1391184820127080449
1391183846054506499
1391041475832647684
1391183390066499588
1391183279886413828
1391040714205798403
1391183139951849474
1391183131131228165
1391182932749004806
1391182718906535940
1391182487292891136
1391182366287220737
1391181888451137540
1391181284936933380
1391181253626449920
1391181141944700933
1391181005122203648
1391180719163158537
1391180605505916929
1391180414119776258
1391100624780079106
1391179666170523654
1391083956926304260
1391179392794206210
1391179250246557696
1391179040699174913
1391177601297879042
1391177478220156930
1391177285600940032
1391177188767064064
1391177048924827653
1391176557687975938
1391175867955650560
1391175716503494657
1391175451305971713
1391174502684446722
1391173411070566400
1391172829668954112
1391172689935613960
1391172530212425728
1391172315761762304
1391172197637672960
1391171895949672448
1391171778395852801
1391171248709853184
1391171140543000578
1391171059643211776
1391170983034343424
1391165263652036611
1391170941032574978
1391170911324229638
1391170547682201603
1391170162024386562
1391169638214426627
1391169533650538501
1391169315383152642
1391169275415703554
1391169181748322308
1391062477958369286
1391168488513839107
1391167190783512576
1391167161163526146
1391166462400860167
1391074567456792585
1391166104693846025
1391166089594392581
1391121585277480965
1391165649444085764
1391165108446011396
1391017406827483137
1391164755281383427
1391164569515708420
1391164267261427717
1391164167164469249
1391163770874077193
1391162590265548801
1391162244952637440
1391162244872933378
1391162244868841472
1391162244843646977
1391161809114210313
1391161674187509762
1391161630608687106
1391161521368150025
1391161497615847425
1391161443094044672
1391161388639277057
1391161221072760835
1391160749112774659
1391160250087084036
1391160198551818242
1391160133770743812
1391160126174814212
1391042578544357382
1391159823782211584
1391159744765730821
1391159723727200264
1391159382889611265
1391159321552109569
1391159087233122305
1391112778828722180
1391158942659538944
1391158232974905345
1391158067488870400
1391157453258100736
1391044438634516483
1391058596469817355
1391157170184482816
1391156869788585988
1391156482993836032
1391156094978838528
1391024476331053064
1391022609446342656
1391155904654069771
1391155725322309637
1391155483516493826
1391155452789002248
1391155215622033409
1391154725928767488
1391154695197036547
1391154695155105792
1391154416049434628
1391154198931202048
1391153939819769858
1391153755492474880
1391152452519424001
1391152442767646722
1391152402879991810
1391152178258132993
1391152107462479875
1391132126385483777
1391132363170713601
1391151991255076873
1391151756415930368
1391151666511101955
1391008426331934721
1391151289283850240
1391151065303633921
1391151051261231108
1391101135096852482
1391151026665922566
1391120793019559947
1391150922810724354
1391150599597699078
1391149909898838019
1391149858782810112
1391147008455593990
1391149831876448257
1391149544843395073
1391149504284532738
1391149267352539148
1391148957787729924
1391148617180844033
1391147987297095681
1391147527093821441
1391147205264920576
1391146926154862597
1391146909084098560
1391146535954436098
1391146489607458816
1391146484192604162
1391146439871549441
1391146151257153538
1391145818430877700
1391145595046436865
1391066089543569414
1391145558027419649
1391125892521332740
1391145536481157121
1391145534425944064
1391145341257494529
1391035045398421508
1391145271237693440
1391145079998451712
1391144870992044039
1391144501708836867
1391064140253470723
1391064553836978183
1391143762630414340
1391143372996362244
1391125161739440134
1391125111957299213
1391143005319487494
1391142840877584387
1391142469929082881
1391142269852557324
1391142072317534211
1391141458489446401
1391139363459944452
1391141366147686401
1391141257146257410
1391141024303620097
1391140947409387521
1391140895471378433
1391140894464745473
1391140800231321601
1391140599525425159
1391140512460013571
1391140455262400520
1391140441173630976
1391140229277310976
1391140150198128640
1391140056568578054
1391140024784130055
1391139940080263171
1391139872321200130
1391139809859706884
1391139601914515465
1391139483031150593
1391139196094537734
1391138913549537291
1391138684892635137
1391138638411407363
1391138524850688005
1391138329635217414
1391138291437785090
1391138262199242753
1391138096301936645
1391138082360107010
1390955526905901057
1391137987132633091
1391137400135499780
1391137364458840065
1391136972249444353
1391136921913593856
1391136849243029509
1391136603721158664
1391136497852690434
1391101462529384449
1391135490028544001
1391135316669575172
1391135116408279040
1390977126590033924
1391134954877292548
1391134937449828352
1391134570968453126
1391134407940005892
1391051755618721795
1391134147905789954
1391133525445840896
1391133319857950722
1391133303562850305
1391133174298783757
1391132956626886658
1391132814658183181
1391132576761278464
1391132175328845836
1391132043531149318
1391131673065140225
1391131579418828805
1391131542076989440
1391131396924710913
1391131375768686592
1391131244222615554
1391130915145977864
1391130771474325505
1391130636971347976
1391130326660009984
1391130083822379012
1391129514634272769
1391129435672387587
1391129074471522305
1391129009132552194
1391128954199842819
1391128884637274121
1391128777216954369
1391128425973358593
1391128363188715520
1391128319542890496
1391128271937441793
1391128270704308228
1391128270318411779
1391128255265087490
1391128198126219265
1391128071625977856
1391127768054763525
1391127709754052608
1391127514978914311
1391127437958914056
1391127319968985092
1391020899659362305
1391126689242091528
1391126172415762435
1391104492800778244
1391104118916255752
1391125819641274373
1391125611242995716
1391125151601905668
1391124984190312450
1391124931262492681
1391032480002609158
1391124680610832385
1391124512398356482
1391124510091456518
1391124292763586561
1391124273155219459
1391123620261359625
1391123444805378056
1391111339221737475
1391123394326794240
1391122745916891139
1391122201273847817
1391121978879250432
1391121745994604549
1391120876716937217
1391120833888784391
1391120802028957698
1391120714984472579
1391120614396764162
1391120435945820167
1391120333583888385
1391119885003108353
1391119625119846402
1391119403928854528
1391119000894152705
1391118888587436035
1391103516886896646
1391118568780087297
1391118535108317188
1391118419924242432
1391118200390275074
1391117854737567744
1391117634922586112
1391117241983324163
1391117045010509826
1391116716164460545
1391097475868491779
1391092943486820359
1391116706232233984
1391115584624939009
1391039840515407873
1391116582055817217
1391116552636874752
1391115819065741313
1391116052659118083
1391115890419240962
1391115843828912138
1391115672030269441
1391115299223707654
1391114745739038720
1391114313893613568
1391114251100692485
1391112098613284869
1391113797755154432
1391113681107255296
1391113666683195396
1391113440970817538
1391113369965547523
1391113268995911681
1391113007875383301
1391112583625596930
1391111901350879236
1391111654465810433
1391008129769431041
1391111266819846144
1391111241565982723
1391111162159374341
1391111157637738496
1391085691862282241
1391110761561341954
1391110564064210944
1391110345381478401
1391109964358422537
1391109790290563087
1391109784213000195
1391109716131164162
1391109648523091974
1391109603564441600
1391030339154456576
1391020107514720256
1391109515735617538
1391109314153226241
1391109185203474442
1391038650855661571
1391109016751910919
1391108781975785472
1391108468665315329
1391108110362701824
1391108034114441224
1391107651551993856
1391107436547911685
1391107127935127555
1391107107269881857
1391107055121993729
1391107046087413760
1391106930639204352
1391106903858716674
1391106434822201347
1391106368019501057
1391106224628846595
1391105810248372228
1391105643969343493
1391105624017154050
1391105521718112265
1391105009383665665
1391105001439875077
1391104995714600961
1391104144895889411
1391095089041182720
1391104054172979202
1391104004889796609
1391103979405332480
1391103923172347909
1391103805127864323
1391101136153743375
1391103550374174720
1391103408485158914
1391103379661901824
1391103089978089474
1391103060890423300
1391103031345885188
1391102988442341379
1391102802064203777
1391102779154894852
1391102682480381956
1391102303097196550
1391102256812945412
1391102116987502593
1391102019608399874
1391102009454039041
1391101989635903488
1391101914750799873
1391101846480211970
1391101778448556033
1391030896233439233
1391101662492827655
1391101554724413447
1391101547149332480
1391101468799811589
1391101211299000322
1391101140125855747
1391101124619481090
1391100910609309699
1391100875792437248
1391052130081984517
1391100794049601544
1391049143322386435
1391100679389917189
1391100580446224385
1391100423054966788
1391099762770911234
1391100270256480257
1391100248303542280
1391100246537687048
1391100094322204676
1391099661520457730
1391099458243469318
1391099306636054529
1391099222330642432
1391099158317002755
1391099127228997636
1391097584425525252
1391098519654739978
1391098267954466822
1391098133464158209
1391097993479081986
1391097790542061570
1391097465982492678
1391097451323473921
1391097397837770752
1391097147555258375
1391096780662661120
1391096726170349575
1391096689201647621
1391096655714217985
1391096590337781763
1391075314953068545
1391067577967910917
1391069445242634242
1391066492666617859
1391063713440993284
1391096510100746240
1391066878383112197
1389954475968942081
1391096121867612166
1391095958771945475
1391095759681069058
1391095742312456194
1391095344331509761
1391095310068371460
1391095281735905285
1391095247845920769
1391095236517105674
1391094927870865418
1391094606104862726
1391094327745687553
1391081496505688072
1391094176591319044
1391094032441307136
1391094007393136646
1391093986820038658
1391093687522824193
1391093694019813379
1391093692660862979
1391090554214273027
1391093049304956932
1391093042438868997
1391093038592704516
1391092949644156930
1391092721767616515
1391092535049658368
1391092323476463626
1391092110271655939
1391091870802001923
1391091310522560512
1391091270077095940
1391090936533291011
1391090520034889730
1391090165104402438
1391090093167874054
1391089989413388289
1391089921033637889
1391089331855667201
1391088764097810437
1391088594819850243
1391084975584432129
1391087485111910401
1391087454879457283
1391087375154094086
1391087220640174081
1391087190352883713
1391057939486629890
1391087160619642896
1391087053639757828
1391087049516765191
1391086356491689985
1391086274564472840
1391086259712536581
1391043061371789316
1391085927372673032
1391085767167025153
1391085740017205250
1391085662049349634
1391085419194830848
1391085320251314177
1391085155830353927
1391084999059906560
1391084586726305801
1391084529092153345
1391084445814382592
1391084361093505027
1391084323516858368
1391084203324973064
1391084161373454337
1391084136371261441
1391083994985504772
1391006899802451968
1391083917952880644
1391083802127175681
1391083672283926529
1391083223040634886
1391083200060039168
1391077952465473537
1391082597539799040
1391082511581782018
1391082419789320201
1391082332388462596
1391082241418223620
1391082240663293954
1391082091128016897
1391081985536319489
1391081903944617984
1391081406944747522
1391080689005735938
1391081785140912140
1391081713657319427
1391081637174255617
1391081563664777222
1391081558531059715
1391075683225407490
1391081517678399491
1391081298068901889
1391081233749250049
1391080964923674629
1391080950952566787
1391080834686328836
1391080562526461957
1391080557765922828
1391080543614214148
1391080437175316481
1391080414010294276
1391080177468379143
1391079997872381952
1391079785753976832
1391079562344165376
1391079525606465540
1391033848612458496
1391079519860232197
1391079371818078211
1391079363068645377
1391079266935185411
1391079205392224256
1391078539005464583
1391078504041783307
1391078284532883456
1391077982257569795
1391077980055736327
1391077864284463105
1391077785146429440
1391077658910416896
1391077653646512134
1391077372288458754
1391077150430793729
1391010910068695040
1391077121439813633
1391077104498905091
1391059372894265345
1391077100334034950
1391076900915798020
1391076835203637251
1391076813305044993
1391076693398392833
1391076541308841990
1391076441916325890
1391076425529233408
1391076310563364869
1390295791563153408
1391042010702831621
1390371328855879685
1390372818815180802
1391040209672982530
1389598320469987331
1391036642178260994
1390036729793503232
1390025289556705287
1391034276041342978
1389960017714028551
1391076098893651968
1391039356043935750
1389964008460009479
1390035396784963589
1391037739844386827
1391075952210362372
1391075820043657221
1391075699059011589
1391075665496051713
1391075447518208001
1391073786380816390
1391075427192553474
1391074724076216321
1391075186108207111
1391074908260687875
1391074876505706496
1391074822302674944
1391074476083879938
1391074239973892099
1391074134222909441
1391073998667145216
1391073908447752192
1391073727639654403
1391073666985828363
1391073176109654025
1391073105343221762
1391071204853702660
1391073006064132101
1391072984417411080
1391072888086798336
1391072865546477573
1391072530778267652
1391072466295050244
1391072070830809088
1391071852513136643
1391071813468315651
1391071288924405761
1391071140542566400
1391071074557771778
1391070940876902400
1391070790632845319
1391014406595612672
1391070655857102848
1390995138193854466
1391070627587559431
1391070538576052243
1391070391334891532
1391064885404979200
1391070372934688775
1391070344908361733
1391070344857980928
1391070273403858953
1391070119330304003
1391070104792846337
1391069802299527171
1391069760335622145
1391069759047876612
1391069607637757960
1391069594304065536
1391069492864770050
1391069364426657792
1391069158448717824
1391069138446168065
1391069066450907141
1391068992576520192
1391068942869934084
1391068885684834307
1391068826243158025
1391068791707107328
1391068778994274315
1391068670479249411
1391068602015567874
1391068504875544580
1391068391717445640
1391068287648284674
1391068245474508800
1391068221458034698
1391068173630427138
1391068170337849346
1391068144572186627
1391067797397164032
1391067767072296960
1391067570208391176
1391067449420918791
1391067134164340736
1391066844040253446
1391066825211977728
1391066685671620608
1391066614032912388
1391066520453844993
1391066519635775489
1391066175245852677
1391066039564255233
1391065575741263874
1391065327736442881
1391065243896401922
1391064785396056068
1391064675480219650
1391064662385512451
1391064020426371072
1391064466733871106
1391064436866265091
1391064192770269184
1391064133446029312
1391064091729539078
1389585331939332098
1391063968605741058
1391063958442946565
1391063897344548867
1391063856219295755
1391063729631109127
1391063610147938311
1391063488534089732
1391063415083311108
1391063394686586882
1391063330291392519
1391063209050791947
1391063176398073856
1391063090620510212
1391062915302797317
1391062913436241922
1391062651502047237
1391062533444878339
1391062396974911488
1391062324316885008
1391062278334779397
1391062265852485633
1391062188119543809
1391062115956318214
1391062037082648576
1391012372488331265
1391061991045926921
1391061880047902721
1391061719066324992
1391061697650167813
1391061626921623553
1391061524270264323
1391061501004374029
1391061368539951112
1391061365050290186
1391047645171441666
1391061345173483531
1391061329310457862
1391061298478211076
1391061285530443778
1391032448616632331
1391061277863145475
1391061219675721732
1391061212981448709
1391061091963256840
1391061091208335362
1391061070400434185
1391061043535880193
1391055527912906754
1391060986510159872
1391060825935433729
1391060651158736904
1391060469276975107
1391060427379986434
1391057437415837699
1391060403103444993
1391060319716270086
1391060158189654021
1391060127961206784
1391060108663209989
1391060045660659721
1391059913976295424
1391059873467572230
1391059837300133890
1391059807407312899
1391059754290712581
1391059680261144577
1391059636858494978
1391059592902324230
1391059508160573444
1391059382234923012
1391059340023549954
1391059315654545418
1391059312542371841
1391059292355276804
1391059192262311941
1391059060212989954
1391058893363613702
1391058864431271936
1391058492757270530
1391058466270154756
1391058351463731200
1391058346623516673
1391058316894351363
1391058252570365958
1391057942842023937
1391057882225987584
1391057789733179398
1391057642219479045
1391057512133136386
1391057471221997568
1391057463907033092
1391057337373364225
1391057338497388548
1391057087203987460
1391057039258947585
1391056901958369281
1391056868752171008
1391056739064233987
1391056668637634563
1391056662711181317
1391056619748855808
1391056598139916289
1391056578615205889
1391056556603609093
1391056403004108800
1391056210099585029
1391056166726287360
1391056138792275969
1391055958915305481
1391055958256783369
1391055921766445062
1391055794293071877
1391055666773700612
1391055571831324674
1391055530945236998
1391055460409782277
1391055442420305921
1391055418244272130
1391055399520935940
1391055284911710215
1391055080871370755
1391055032204812288
1391055031378579464
1391055030053130240
1391055005478707200
1391054972054392835
1391054897227894788
1391054850818027525
1391054676913754124
1391054661591965698
1391054653266317320
1391054652154781696
1391054646190481411
1391054553118875650
1391054488719462401
1391054386290384896
1391054213661270018
1391054178957418504
1391054035369725954
1391054005640519684
1391053947188695041
1391053872324661251
1391053798777446400
1391053561232957444
1391053350091857921
1391053297138737155
1391053267254267907
1391052945257635841
1391052779318169604
1391052776373899266
1391052776214568961
1391052775962910722
1391052775929360392
1391052775883169799
1391052775547707397
1391052774515871745
1391052774494851073
1391052773878284291
1391052678587813889
1391052517920972804
1391052486568521730
1391052436396298245
1391052432541618187
1391052410785779712
1391052378644926465
1391052372248510467
1391052258343854085
1391052235065503754
1391052182003273742
1391052061840744448
1391051786983706624
1391051685649272835
1391051665248292866
1391051659950837763
1391051634340515840
1391051576203223040
1391051518728605699
1391051100804067334
1391051085469536256
1391051080033787905
1391051024828338176
1391050858834665474
1391050810419818499
1391050763959369729
1391050730593787910
1391050711023198208
1391050649211588608
1391048914879619074
1391050588444581890
1391050529170616320
1391050481376636928
1391050411574972416
1391049339141828613
1391050375730548738
1391050322282524677
1391050316607414272
1391050261322403856
1391050052932624391
1391050032842002438
1391049830252883969
1391049724044759040
1391049317276921862
1391048947502878720
1391048804535767045
1391048783497203713
1391048613338533893
1391048583043067904
1391048530878476294
1391048445214011392
1391048420333219844
1391048400708177920
1391048266087686150
1391048235612086274
1391048185460797442
1391047684203728898
1391047604235030530
1391047489042755588
1391047473565741063
1391047440132935681
1391047260692262914
1391047047541784584
1391047000276180997
1391046794713436164
1391046630036606976
1391046606779211778
1391046454198816772
1391046418656342022
1391046338096373766
1391046131401072642
1391046125768093700
1391045807193870336
1391045707675672579
1391045685433274375
1391045612708286465
1391045528687874050
1389920552631078912
1391045476418473988
1391045430901977092
1391045419531112452
1391045327499714571
1391045324215492608
1391045294075400193
1391045266116055041
1391045239931117573
1391045219081236481
1391045115976749064
1391045026038353925
1391045013555924997
1391044962175930368
1391044610504470534
1391044335387529217
1391044302810324995
1391044257285349384
1391044242651459587
1391044221864382466
1391044170035367939
1391044012958699527
1391043901021118464
1391043891529400326
1391043872869044225
1391043846465892356
1391043806221459460
1391043787649126402
1391043563622961152
1391043550050148352
1391043516269268994
1391043485361483777
1391043446677282817
1391043372522086403
1391043346454433797
1391043254699888643
1391043221745278978
1391043191902777347
1391043072805515267
1391043058620321797
1391043034423431168
1391042925107322880
1391042862343729152
1391042844614438912
1391018084308226049
1391042819528314888
1391042759092580356
1391021122494271488
1391042750309539841
1391042680285708289
1391042412294942723
1391042397153411076
1391042301389152257
1391042186767110152
1391042174549118984
1391042102486839300
1391042069829885961
1391042012720336896
1391042000087040002
1391041974808031233
1391041968927563790
1391041888959057920
1391041853907095555
1391040980716040199
1391041778535501824
1391041769333272579
1391041753197817860
1391041686772584456
1391041674231656448
1391041672163860483
1391041669710110721
1391041654728110084
1391041546653405185
1391041475421605890
1391041467355959302
1391041272689872899
1391041266964631557
1391041246391676928
1391041205232934912
1391041177764470786
1391041142142251011
1391041139478773763
1391041055043227648
1391041033601966081
1391041011477065729
1391040995731595267
1391040979176726530
1391040940626825225
1391040907454164993
1391040901309505536
1391040839586099204
1391040832522891269
1391038563739910144
1391040820195827715
1391040759156064259
1391040598765973511
1391040565983207424
1391040486794797059
1391040407493124098
1391040381282816003
1391040303428157441
1391040286860533761
1391040243151908870
1391040216035643399
1391040203003998210
1391040195332608002
1391040193076113416
1391040182195871746
1391040147760816131
1391040068941488129
1391040061626458114
1391039791634944002
1391039767614218251
1391039755807346688
1391039583681396737
1391039565893447687
1391039517612707840
1391039498507669509
1391039487988359170
1391039485891293186
1391039465209143296
1391031106862997511
1391039442484301825
1391039428521611267
1391039278390595584
1391039234522427394
1391039121594986500
1391039115580350477
1391039101164523526
1391039096995385346
1391039045023801345
1391038924433203209
1391038871341764608
1391038841889464320
1391038804883083265
1391038741796511745
1391038699476037635
1391038698452660228
1391038622221152259
1391038512695287808
1391038498602430473
1391038473528922116
1391020604728483845
1391038470878007299
1391031660406349826
1391038397188296704
1391038209161797633
1391038208738172940
1391038116383895554
1391037994983903235
1391037851152887819
1391037840302166017
1391037765861662721
1391011982556422147
1391037701575544837
1391037688527085570
1391037667857604609
1391037592066412545
1391037495098363905
1391037483027025929
1391037415716900869
1391037383714516997
1391037368174452737
1391037337036075008
1391037325275062275
1391037262515822598
1391037197629984769
1391037143661809670
1391037093393149953
1391037017090310145
1391037001118490624
1391036705797328899
1391036629691817984
1391036594258333700
1391036563178594313
1391036451580694528
1391036413349711878
1391036357494001669
1391036338720415749
1391036249037807621
1391036153818722305
1391035947874193412
1391035771587596292
1391035695964332037
1391035586056790017
1391035454007427072
1391035367739039749
1391035311174553605
1391035267990052870
1391033092186460175
1391034289706442759
1391035048816791552
1391034916767469569
1391034754670206978
1391034729860894722
1391034566186618880
1391034304453660677
1391034228733845506
1391034098748215300
1391033991432704000
1391033966728294400
1391033954736693249
1391033912869232642
1391033860327153666
1391033857802215426
1391033544344965131
1391033529761353741
1391033476925861888
1391033435821588489
1391033423448449025
1391033417178001408
1391033324085391362
1391033293064245254
1391033222444814339
1391033214160969734
1391033124101005314
1391033072381054978
1391033004664008705
1391033004424843269
1391031633353093123
1391032977677856768
1391032957478047752
1391032855581581315
1391032821398003713
1391032675801210883
1391032623795933186
1391032605391343618
1391032578954629120
1391031939952517120
1391032481374216194
1391031273498365954
1391032469978107913
1391032378345234438
1391032333432655874
1391032323089567744
1391032227379781634
1391032220194848773
1391032154805657601
1391032119275704326
1391032073100697602
1391032058525339649
1391032039131029504
1391031982260379649
1391031945430290433
1391031904649072640
1391031824223191040
1391031822444900354
1391031742811750413
1391031687912460288
1391031608774430721
1391031608531169280
1391031590369832960
1391031508077629440
1391031483444436996
1391031439895023616
1391031420936720388
1391031393094967302
1391031353496457216
1391031350447120389
1391031295807995906
1391030792374169603
1391029983657742336
1391031260206751747
1391023142928257024
1391022710684327938
1391031225624764424
1391031206804967427
1391031199213162500
1391031162773164039
1391031133328924674
1391031095739682816
1391031060436226050
1391031033617858561
1391031015028756489
1391030948834291713
1391030937409007618
1391030930379313158
1391030901572841472
1391030889635852297
1391030877392678918
1391030824791912449
1391015540588748804
1391030773965275147
1391030752800919555
1391030686434353153
1391030603223535620
1391030594847617028
1391030594600112134
1391030565982384130
1391030449032597507
1391030392375894018
1391030294271037441
1391030391704756225
1391030374881452032
1391030324835061763
1391030287971270659
1391030208988336138
1391030093103906817
1391030068026150920
1391029844985761795
1391029810898644993
1391029691583238150
1391029574373359616
1391029496212557824
1391029432140304387
1391029157144928257
1391029092196274178
1391029088786206720
1391029063247085568
1391028982569709568
1391028833760038917
1391028798741680132
1391028782522372103
1391028627106582535
1391028493845204992
1391028294414479361
1391028294167023620
1391028271949701123
1391028264408428547
1391028239569670144
1391028131390271488
1391028062188417025
1391027978595885062
1391027939609829376
1391027875625771011
1391027819464077312
1391027694876479493
1391027689226739712
1391027512944185345
1391027144378224642
1391027141932953607
1391006043157811206
1391027034097426436
1391026784909545475
1391026626549489671
1391026236651102210
1391026139817201670
1391025993134002178
1391025909654773761
1391025726284083201
1391025554120396802
1391025360452653057
1391025062791327747
1391025021980581890
1391024820481970176
1391024811514675202
1391024567548891136
1391024446178222087
1391024302573641732
1391024209334128641
1391024133467746304
1391024062730842118
1391023362495893506
1391023932451573762
1391023920099348482
1391023832044032010
1391023825857486854
1391023768806559746
1391023651827290113
1391023206056828935
1391023198829961216
1391023180270161921
1391023023549927426
1391023001932546050
1391022896345190402
1391022518337777665
1391022300951101446
1391021919953096712
1391021655032582150
1391021484529881088
1391021351494950913
1391021027732463617
1391021020904140801
1391020962263486464
1391020787222683653
1391020761553326081
1391020744159682564
1391020743559979010
1391020639318908931
1391020515096244224
1391019971736657925
1391017980717408256
1391019948584148994
1391019938505187332
1391019891797504000
1391019870964404231
1391019827444191234
1391019802748141568
1391019732388700162
1391019597340594178
1391019506101886976
1391019498531065857
1391019194905468929
1391018467529273348
1391010932126531584
1391019071236358146
1391019021437480962
1391018891019620357
1391018646080733184
1391018628833808387
1391018361895604224
1391018319709356035
1391018228613255172
1391018165073756164
1391007243240415237
1391018015462993922
1391017890975993857
1391017846164148230
1391017834852012037
1391017734767583232
1391017586222043136
1391017383557353476
1391017289311531011
1391017175046033408
1391017114396471301
1391017051905482760
1391016604016721921
1391016370083614727
1391016266488500228
1391016237191290881
1391015498276610049
1391015450172174338
1391015304097157123
1391014903373250561
1391014767251369990
1391014726520410112
1391014133466898434
1391014089502117888
1391013768243650565
1391013740485750785
1391013595526336516
1391013412222775298
1391013341506772993
1391013260476964867
1391013175403888641
1391012937079328770
1391012839146414086
1391012657063399430
1391012535671955459
1391012246407450628
1391012119328473090
1391011920027729920
1391011902667558912
1391011352085360643
1391011331457826824
1391011324788985861
1391011272544735233
1391010774148075521
1391010734339932162
1391010150002135044
1391010622947614720
1391010587950342146
1391010532149321728
1391010206243491843
1391010164514426880
1391009980002848768
1391009853154467842
1391009697872982018
1391009686007152641
1391009626997596170
1391009609465450498
1391008868898066432
1391008815622115330
1391008757438685184
1391008624428912640
1391008411068866563
1391008368513404933
1391008255988674561
1391008235679895556
1391008214062411782
1391008051075895296
1391008042733408257
1391008014916857857
1391007622703243264
1391007597944320001
1391007399679598593
1391007355425460235
1391007190304149508
1391007078576267276
1391007004391399429
1391006972229693444
1391006935491747842
1391006767795027968
1391006730176319488
1391006550693646336
1391006466266607619
1391006308631986186
1391006091128066050
1391006079476281344
1391006011079766020
1391005669571055624
1391005607386288131
1391005597936537600
1391005545881120769
1391005523546460161
1391005412447621125
1391005349528883200
1391005248710483972
1391005199964073999
1391005194004074502
1391005143437545474
1391005018724216833
1391004942849220614
1391004880547028993
1391004870199713792
1391004796224692225
1391004619761979392
1391004516800245760
1391004409170206725
1391004402148954116
1391004308926255105
1391004139295895557
1391004133478514688
1391003913969704966
1391003873578475520
1391003770054643712
1391003505889054725
1391003428193804288
1391003320718823426
1391003224438628353
1391003097829298176
1391003060630171649
1391002679854485505
1391002302425796611
1391002155319009284
1391001649582428160
1391001433135329283
1390999442850033671
1390998499559419905
1390997955230932996
1390997717732806657
1390997388588896256
1390992905779691520
1390989923344424960
1390984956688715778
1390971390665297920
1390970709409665024
1390960483419754497
1390957703984340995
1390955300925157376
1390944506812448771
1390936168645251073
1390936155021971458
1390930323609899010
1390928833092767745
1390906889236590592
1390769016252338176
1390678387988041730
1390474671594909702
1390546221752803328
1390421105479983104
1390393424449265666
1390354069827383296
1390306119638126604
1390000702634741765
1389772001800343552
1389630266075910148
1389625924501610497
1389608924828086274
1389594499144425476
1389577995552178181
1389575531457298433
1389555291537264642
1389494934844104704
1389488590250459142
1389440276960354305
1389440183586668544
1389256296872960008
1389256296872960008
1389238612395429888
1389238612395429888
